# Generated from /project/atlas-scripts/character_table_E7_data.at
# class_powers_E7: one row per line
0 0 0 0 0 0 0 0 0 0 0 0 0 0 0 0 0 0 0 0 0 0 0 0 0 0 0 0 0 0 0 0 0 0 0 0 0 0 0 0 0 0 0 0 0 0 0 0 0 0 0 0 0 0 0 0 0 0 0 0
0 1 0 1 0 1 0 1 0 1 0 1 0 1 0 1 0 1 0 1 0 1 0 1 0 1 0 1 0 1 0 1 0 1 0 1 0 1 0 1 0 1 0 1 0 1 0 1 0 1 0 1 0 1 0 1 0 1 0 1
0 2 0 2 0 2 0 2 0 2 0 2 0 2 0 2 0 2 0 2 0 2 0 2 0 2 0 2 0 2 0 2 0 2 0 2 0 2 0 2 0 2 0 2 0 2 0 2 0 2 0 2 0 2 0 2 0 2 0 2
0 3 3 0 3 3 0 3 3 0 3 3 0 3 3 0 3 3 0 3 3 0 3 3 0 3 3 0 3 3 0 3 3 0 3 3 0 3 3 0 3 3 0 3 3 0 3 3 0 3 3 0 3 3 0 3 3 0 3 3
0 4 3 1 3 4 0 4 3 1 3 4 0 4 3 1 3 4 0 4 3 1 3 4 0 4 3 1 3 4 0 4 3 1 3 4 0 4 3 1 3 4 0 4 3 1 3 4 0 4 3 1 3 4 0 4 3 1 3 4
0 5 2 5 0 5 2 5 0 5 2 5 0 5 2 5 0 5 2 5 0 5 2 5 0 5 2 5 0 5 2 5 0 5 2 5 0 5 2 5 0 5 2 5 0 5 2 5 0 5 2 5 0 5 2 5 0 5 2 5
0 6 0 6 0 6 0 6 0 6 0 6 0 6 0 6 0 6 0 6 0 6 0 6 0 6 0 6 0 6 0 6 0 6 0 6 0 6 0 6 0 6 0 6 0 6 0 6 0 6 0 6 0 6 0 6 0 6 0 6
0 7 0 7 0 7 0 7 0 7 0 7 0 7 0 7 0 7 0 7 0 7 0 7 0 7 0 7 0 7 0 7 0 7 0 7 0 7 0 7 0 7 0 7 0 7 0 7 0 7 0 7 0 7 0 7 0 7 0 7
0 8 8 8 8 0 8 8 8 8 0 8 8 8 8 0 8 8 8 8 0 8 8 8 8 0 8 8 8 8 0 8 8 8 8 0 8 8 8 8 0 8 8 8 8 0 8 8 8 8 0 8 8 8 8 0 8 8 8 8
0 9 3 2 3 9 0 9 3 2 3 9 0 9 3 2 3 9 0 9 3 2 3 9 0 9 3 2 3 9 0 9 3 2 3 9 0 9 3 2 3 9 0 9 3 2 3 9 0 9 3 2 3 9 0 9 3 2 3 9
0 10 2 10 0 10 2 10 0 10 2 10 0 10 2 10 0 10 2 10 0 10 2 10 0 10 2 10 0 10 2 10 0 10 2 10 0 10 2 10 0 10 2 10 0 10 2 10 0 10 2 10 0 10 2 10 0 10 2 10
0 11 0 11 0 11 0 11 0 11 0 11 0 11 0 11 0 11 0 11 0 11 0 11 0 11 0 11 0 11 0 11 0 11 0 11 0 11 0 11 0 11 0 11 0 11 0 11 0 11 0 11 0 11 0 11 0 11 0 11
0 12 11 12 0 12 11 12 0 12 11 12 0 12 11 12 0 12 11 12 0 12 11 12 0 12 11 12 0 12 11 12 0 12 11 12 0 12 11 12 0 12 11 12 0 12 11 12 0 12 11 12 0 12 11 12 0 12 11 12
0 13 3 11 3 13 0 13 3 11 3 13 0 13 3 11 3 13 0 13 3 11 3 13 0 13 3 11 3 13 0 13 3 11 3 13 0 13 3 11 3 13 0 13 3 11 3 13 0 13 3 11 3 13 0 13 3 11 3 13
0 14 14 0 14 14 0 14 14 0 14 14 0 14 14 0 14 14 0 14 14 0 14 14 0 14 14 0 14 14 0 14 14 0 14 14 0 14 14 0 14 14 0 14 14 0 14 14 0 14 14 0 14 14 0 14 14 0 14 14
0 15 0 15 0 15 0 15 0 15 0 15 0 15 0 15 0 15 0 15 0 15 0 15 0 15 0 15 0 15 0 15 0 15 0 15 0 15 0 15 0 15 0 15 0 15 0 15 0 15 0 15 0 15 0 15 0 15 0 15
0 16 2 16 0 16 2 16 0 16 2 16 0 16 2 16 0 16 2 16 0 16 2 16 0 16 2 16 0 16 2 16 0 16 2 16 0 16 2 16 0 16 2 16 0 16 2 16 0 16 2 16 0 16 2 16 0 16 2 16
0 17 2 17 0 17 2 17 0 17 2 17 0 17 2 17 0 17 2 17 0 17 2 17 0 17 2 17 0 17 2 17 0 17 2 17 0 17 2 17 0 17 2 17 0 17 2 17 0 17 2 17 0 17 2 17 0 17 2 17
0 18 9 17 3 18 2 18 3 17 9 18 0 18 9 17 3 18 2 18 3 17 9 18 0 18 9 17 3 18 2 18 3 17 9 18 0 18 9 17 3 18 2 18 3 17 9 18 0 18 9 17 3 18 2 18 3 17 9 18
0 19 12 19 11 19 12 19 0 19 12 19 11 19 12 19 0 19 12 19 11 19 12 19 0 19 12 19 11 19 12 19 0 19 12 19 11 19 12 19 0 19 12 19 11 19 12 19 0 19 12 19 11 19 12 19 0 19 12 19
0 20 8 20 8 1 8 20 8 20 0 20 8 20 8 1 8 20 8 20 0 20 8 20 8 1 8 20 8 20 0 20 8 20 8 1 8 20 8 20 0 20 8 20 8 1 8 20 8 20 0 20 8 20 8 1 8 20 8 20
0 21 14 1 14 21 0 21 14 1 14 21 0 21 14 1 14 21 0 21 14 1 14 21 0 21 14 1 14 21 0 21 14 1 14 21 0 21 14 1 14 21 0 21 14 1 14 21 0 21 14 1 14 21 0 21 14 1 14 21
0 22 14 6 14 22 0 22 14 6 14 22 0 22 14 6 14 22 0 22 14 6 14 22 0 22 14 6 14 22 0 22 14 6 14 22 0 22 14 6 14 22 0 22 14 6 14 22 0 22 14 6 14 22 0 22 14 6 14 22
0 23 3 7 3 23 0 23 3 7 3 23 0 23 3 7 3 23 0 23 3 7 3 23 0 23 3 7 3 23 0 23 3 7 3 23 0 23 3 7 3 23 0 23 3 7 3 23 0 23 3 7 3 23 0 23 3 7 3 23
0 24 2 24 0 24 2 24 0 24 2 24 0 24 2 24 0 24 2 24 0 24 2 24 0 24 2 24 0 24 2 24 0 24 2 24 0 24 2 24 0 24 2 24 0 24 2 24 0 24 2 24 0 24 2 24 0 24 2 24
0 25 0 25 0 25 0 25 0 25 0 25 0 25 0 25 0 25 0 25 0 25 0 25 0 25 0 25 0 25 0 25 0 25 0 25 0 25 0 25 0 25 0 25 0 25 0 25 0 25 0 25 0 25 0 25 0 25 0 25
0 26 11 26 0 26 11 26 0 26 11 26 0 26 11 26 0 26 11 26 0 26 11 26 0 26 11 26 0 26 11 26 0 26 11 26 0 26 11 26 0 26 11 26 0 26 11 26 0 26 11 26 0 26 11 26 0 26 11 26
0 27 3 25 3 27 0 27 3 25 3 27 0 27 3 25 3 27 0 27 3 25 3 27 0 27 3 25 3 27 0 27 3 25 3 27 0 27 3 25 3 27 0 27 3 25 3 27 0 27 3 25 3 27 0 27 3 25 3 27
0 28 9 5 3 28 2 28 3 5 9 28 0 28 9 5 3 28 2 28 3 5 9 28 0 28 9 5 3 28 2 28 3 5 9 28 0 28 9 5 3 28 2 28 3 5 9 28 0 28 9 5 3 28 2 28 3 5 9 28
0 29 14 7 14 29 0 29 14 7 14 29 0 29 14 7 14 29 0 29 14 7 14 29 0 29 14 7 14 29 0 29 14 7 14 29 0 29 14 7 14 29 0 29 14 7 14 29 0 29 14 7 14 29 0 29 14 7 14 29
0 30 32 12 34 30 11 30 34 12 32 30 0 30 32 12 34 30 11 30 34 12 32 30 0 30 32 12 34 30 11 30 34 12 32 30 0 30 32 12 34 30 11 30 34 12 32 30 0 30 32 12 34 30 11 30 34 12 32 30
0 31 31 34 31 31 34 31 31 0 31 31 34 31 31 34 31 31 0 31 31 34 31 31 34 31 31 0 31 31 34 31 31 34 31 31 0 31 31 34 31 31 34 31 31 0 31 31 34 31 31 34 31 31 0 31 31 34 31 31
0 32 34 11 34 32 0 32 34 11 34 32 0 32 34 11 34 32 0 32 34 11 34 32 0 32 34 11 34 32 0 32 34 11 34 32 0 32 34 11 34 32 0 32 34 11 34 32 0 32 34 11 34 32 0 32 34 11 34 32
0 33 14 11 14 33 0 33 14 11 14 33 0 33 14 11 14 33 0 33 14 11 14 33 0 33 14 11 14 33 0 33 14 11 14 33 0 33 14 11 14 33 0 33 14 11 14 33 0 33 14 11 14 33 0 33 14 11 14 33
0 34 34 0 34 34 0 34 34 0 34 34 0 34 34 0 34 34 0 34 34 0 34 34 0 34 34 0 34 34 0 34 34 0 34 34 0 34 34 0 34 34 0 34 34 0 34 34 0 34 34 0 34 34 0 34 34 0 34 34
0 35 2 35 0 35 2 35 0 35 2 35 0 35 2 35 0 35 2 35 0 35 2 35 0 35 2 35 0 35 2 35 0 35 2 35 0 35 2 35 0 35 2 35 0 35 2 35 0 35 2 35 0 35 2 35 0 35 2 35
0 36 9 35 3 36 2 36 3 35 9 36 0 36 9 35 3 36 2 36 3 35 9 36 0 36 9 35 3 36 2 36 3 35 9 36 0 36 9 35 3 36 2 36 3 35 9 36 0 36 9 35 3 36 2 36 3 35 9 36
0 37 12 37 11 37 12 37 0 37 12 37 11 37 12 37 0 37 12 37 11 37 12 37 0 37 12 37 11 37 12 37 0 37 12 37 11 37 12 37 0 37 12 37 11 37 12 37 0 37 12 37 11 37 12 37 0 37 12 37
0 38 38 8 38 3 8 38 38 8 3 38 8 38 38 0 38 38 8 38 3 8 38 38 8 3 38 8 38 38 0 38 38 8 38 3 8 38 38 8 3 38 8 38 38 0 38 38 8 38 3 8 38 38 8 3 38 8 38 38
0 39 9 16 3 39 2 39 3 16 9 39 0 39 9 16 3 39 2 39 3 16 9 39 0 39 9 16 3 39 2 39 3 16 9 39 0 39 9 16 3 39 2 39 3 16 9 39 0 39 9 16 3 39 2 39 3 16 9 39
0 40 14 15 14 40 0 40 14 15 14 40 0 40 14 15 14 40 0 40 14 15 14 40 0 40 14 15 14 40 0 40 14 15 14 40 0 40 14 15 14 40 0 40 14 15 14 40 0 40 14 15 14 40 0 40 14 15 14 40
0 41 41 41 41 41 41 0 41 41 41 41 41 41 0 41 41 41 41 41 41 0 41 41 41 41 41 41 0 41 41 41 41 41 41 0 41 41 41 41 41 41 0 41 41 41 41 41 41 0 41 41 41 41 41 41 0 41 41 41
0 42 0 42 0 42 0 42 0 42 0 42 0 42 0 42 0 42 0 42 0 42 0 42 0 42 0 42 0 42 0 42 0 42 0 42 0 42 0 42 0 42 0 42 0 42 0 42 0 42 0 42 0 42 0 42 0 42 0 42
0 43 11 43 0 43 11 43 0 43 11 43 0 43 11 43 0 43 11 43 0 43 11 43 0 43 11 43 0 43 11 43 0 43 11 43 0 43 11 43 0 43 11 43 0 43 11 43 0 43 11 43 0 43 11 43 0 43 11 43
0 44 3 42 3 44 0 44 3 42 3 44 0 44 3 42 3 44 0 44 3 42 3 44 0 44 3 42 3 44 0 44 3 42 3 44 0 44 3 42 3 44 0 44 3 42 3 44 0 44 3 42 3 44 0 44 3 42 3 44
0 45 14 42 14 45 0 45 14 42 14 45 0 45 14 42 14 45 0 45 14 42 14 45 0 45 14 42 14 45 0 45 14 42 14 45 0 45 14 42 14 45 0 45 14 42 14 45 0 45 14 42 14 45 0 45 14 42 14 45
0 46 43 46 11 46 43 46 0 46 43 46 11 46 43 46 0 46 43 46 11 46 43 46 0 46 43 46 11 46 43 46 0 46 43 46 11 46 43 46 0 46 43 46 11 46 43 46 0 46 43 46 11 46 43 46 0 46 43 46
0 47 8 47 8 42 8 47 8 47 0 47 8 47 8 42 8 47 8 47 0 47 8 47 8 42 8 47 8 47 0 47 8 47 8 42 8 47 8 47 0 47 8 47 8 42 8 47 8 47 0 47 8 47 8 42 8 47 8 47
0 48 31 54 31 48 34 48 31 59 31 48 34 48 31 54 31 48 0 48 31 54 31 48 34 48 31 59 31 48 34 48 31 54 31 48 0 48 31 54 31 48 34 48 31 59 31 48 34 48 31 54 31 48 0 48 31 54 31 48
0 49 41 49 41 49 41 59 41 49 41 49 41 49 0 49 41 49 41 49 41 59 41 49 41 49 41 49 0 49 41 49 41 49 41 59 41 49 41 49 41 49 0 49 41 49 41 49 41 59 41 49 41 49 41 49 0 49 41 49
0 50 32 58 34 50 11 50 34 58 32 50 0 50 32 58 34 50 11 50 34 58 32 50 0 50 32 58 34 50 11 50 34 58 32 50 0 50 32 58 34 50 11 50 34 58 32 50 0 50 32 58 34 50 11 50 34 58 32 50
0 51 38 52 38 57 8 51 38 52 3 51 8 51 38 59 38 51 8 51 3 52 38 51 8 57 38 52 38 51 0 51 38 52 38 57 8 51 38 52 3 51 8 51 38 59 38 51 8 51 3 52 38 51 8 57 38 52 38 51
0 52 8 52 8 59 8 52 8 52 0 52 8 52 8 59 8 52 8 52 0 52 8 52 8 59 8 52 8 52 0 52 8 52 8 59 8 52 8 52 0 52 8 52 8 59 8 52 8 52 0 52 8 52 8 59 8 52 8 52
0 53 43 53 11 53 43 53 0 53 43 53 11 53 43 53 0 53 43 53 11 53 43 53 0 53 43 53 11 53 43 53 0 53 43 53 11 53 43 53 0 53 43 53 11 53 43 53 0 53 43 53 11 53 43 53 0 53 43 53
0 54 34 59 34 54 0 54 34 59 34 54 0 54 34 59 34 54 0 54 34 59 34 54 0 54 34 59 34 54 0 54 34 59 34 54 0 54 34 59 34 54 0 54 34 59 34 54 0 54 34 59 34 54 0 54 34 59 34 54
0 55 14 59 14 55 0 55 14 59 14 55 0 55 14 59 14 55 0 55 14 59 14 55 0 55 14 59 14 55 0 55 14 59 14 55 0 55 14 59 14 55 0 55 14 59 14 55 0 55 14 59 14 55 0 55 14 59 14 55
0 56 34 7 34 56 0 56 34 7 34 56 0 56 34 7 34 56 0 56 34 7 34 56 0 56 34 7 34 56 0 56 34 7 34 56 0 56 34 7 34 56 0 56 34 7 34 56 0 56 34 7 34 56 0 56 34 7 34 56
0 57 3 59 3 57 0 57 3 59 3 57 0 57 3 59 3 57 0 57 3 59 3 57 0 57 3 59 3 57 0 57 3 59 3 57 0 57 3 59 3 57 0 57 3 59 3 57 0 57 3 59 3 57 0 57 3 59 3 57
0 58 11 58 0 58 11 58 0 58 11 58 0 58 11 58 0 58 11 58 0 58 11 58 0 58 11 58 0 58 11 58 0 58 11 58 0 58 11 58 0 58 11 58 0 58 11 58 0 58 11 58 0 58 11 58 0 58 11 58
0 59 0 59 0 59 0 59 0 59 0 59 0 59 0 59 0 59 0 59 0 59 0 59 0 59 0 59 0 59 0 59 0 59 0 59 0 59 0 59 0 59 0 59 0 59 0 59 0 59 0 59 0 59 0 59 0 59 0 59
