# Generated from /project/atlas-scripts/character_table_E7_data.at
# class_words_E7: one word per line
[]
0
0 1
0 2
0 1 2
0 2 3
0 1 4
1 4 6
0 2 3 1
0 1 2 4
0 1 3 4
1 2 3 1 2 3 4 3 1 2 3 4
1 2 3 2 4 3
1 3 2 4
0 2 4 5
0 1 4 6
1 3 4 6
0 1 2 3 1 2 3 4 3 1 2 3 4
0 1 2 3 1 4 3
0 2 3 1 4
0 2 3 1 5
0 1 2 4 5
0 2 3 4 5
0 1 2 4 6
0 1 3 4 6
1 2 3 1 2 3 4 3 1 2 3 4 6
1 2 3 2 4 3 6
1 3 2 4 6
0 2 3 5 6
1 3 4 5 6
0 1 2 3 4 5
0 1 2 3 1 4 3 5
0 1 2 0 3 1 2 3 4 3 5 4
0 1 2 3 1 2 3 4 3 1 2 3 4 5
0 1 2 0 3 1 2 0 3 4 3 1 2 0 3 4 5 4 3 1 2 3 4 5
0 1 2 3 1 2 3 4 3 1 2 3 4 6
0 1 2 3 1 4 3 6
0 2 3 1 4 6
0 2 3 1 5 6
0 1 2 4 5 6
0 1 3 4 5 6
0 2 3 4 5 6
1 2 3 1 2 3 4 3 1 2 3 4 5 4 3 1 2 3 4 5 6 5 4 3 1 2 3 4 5 6
1 2 4 3 1 2 3 6 5 4 3 1 2 3 4 5
1 2 3 1 2 3 6 5 4 3 1 2 3 4
3 1 6 5 4 3 1 2 3 4
1 6 5 4 3 1 2 3
6 5 4 3 1 2
0 1 2 3 4 5 6
0 1 2 3 1 4 3 5 6
0 1 2 3 1 4 3 5 4 3 6
0 1 2 3 1 4 3 1 2 3 4 5 6
0 1 2 3 1 2 3 4 3 1 2 3 4 5 6
0 1 2 3 1 2 3 4 3 1 2 3 4 5 4 6 5
0 1 2 0 3 1 2 0 3 2 4 3 1 2 3 5 4 3 6 5 4
0 1 2 0 3 1 2 0 3 2 4 3 1 2 0 3 2 4 3 5 4 6 5
0 1 2 0 3 1 2 0 3 4 3 1 2 0 3 4 5 4 3 1 2 3 4 5 6
0 1 2 3 1 2 3 4 3 1 2 3 4 5 4 3 1 2 3 4 5 6 5 4 3 1 2 3 4 5 6
0 1 2 0 3 1 2 3 4 3 1 2 0 3 4 5 4 3 1 2 3 4 5 6 5 4 3 1 2 3 4 5 6
0 1 2 0 3 1 2 0 3 2 4 3 1 2 0 3 2 4 3 1 5 4 3 1 2 0 3 2 4 3 1 5 4 3 2 0 6 5 4 3 1 2 0 3 2 4 3 1 5 4 3 2 0 6 5 4 3 1 2 3 4 5 6
