# Generated from /project/atlas-scripts/character_table_E6.at
# e6_table: one character per line, 25 ints
1 1 1 1 1 1 1 1 1 1 1 1 1 1 1 1 1 1 1 1 1 1 1 1 1
1 -1 1 1 -1 1 1 1 1 -1 -1 1 1 1 1 -1 1 -1 1 -1 -1 1 -1 -1 1
6 4 -2 2 0 -3 3 0 2 -2 2 0 1 1 1 1 -2 -2 -1 0 0 0 -1 1 -1
6 -4 -2 2 0 -3 3 0 2 2 -2 0 1 1 1 -1 -2 2 -1 0 0 0 1 -1 -1
10 0 -6 2 0 1 -2 4 2 0 0 -2 0 -3 0 0 0 0 2 0 0 1 0 0 -1
15 -5 7 3 -1 -3 0 3 -1 -3 1 1 0 1 -2 -2 1 1 0 -1 1 0 0 0 -1
15 -5 -1 -1 3 6 3 0 3 -1 -1 -1 0 2 -1 1 2 -2 -1 0 1 0 0 -1 0
15 5 7 3 1 -3 0 3 -1 3 -1 1 0 1 -2 2 1 -1 0 1 -1 0 0 0 -1
15 5 -1 -1 -3 6 3 0 3 1 1 -1 0 2 -1 -1 2 2 -1 0 -1 0 0 1 0
20 10 4 4 2 2 5 -1 0 2 2 0 0 -2 1 1 1 1 1 -1 0 -1 0 -1 0
20 -10 4 4 -2 2 5 -1 0 -2 -2 0 0 -2 1 -1 1 -1 1 1 0 -1 0 1 0
20 0 4 -4 0 -7 2 2 4 0 0 0 0 1 -2 0 -2 0 2 0 0 -1 0 0 1
24 4 8 0 4 6 0 3 0 0 0 0 -1 2 2 -2 -1 1 0 1 0 0 -1 0 0
24 -4 8 0 -4 6 0 3 0 0 0 0 -1 2 2 2 -1 -1 0 -1 0 0 1 0 0
30 -10 -10 2 2 3 3 3 -2 4 0 0 0 -1 -1 -1 -1 -1 -1 -1 0 0 0 1 1
30 10 -10 2 -2 3 3 3 -2 -4 0 0 0 -1 -1 1 -1 1 -1 1 0 0 0 -1 1
60 10 -4 4 2 6 -3 -3 0 -2 -2 0 0 2 -1 1 -1 1 1 -1 0 0 0 1 0
60 -10 -4 4 -2 6 -3 -3 0 2 2 0 0 2 -1 -1 -1 -1 1 1 0 0 0 -1 0
60 0 12 4 0 -3 -6 0 4 0 0 0 0 -3 0 0 0 0 -2 0 0 0 0 0 1
64 16 0 0 0 -8 4 -2 0 0 0 0 -1 0 0 -2 0 -2 0 0 0 1 1 0 0
64 -16 0 0 0 -8 4 -2 0 0 0 0 -1 0 0 2 0 2 0 0 0 1 -1 0 0
80 0 -16 0 0 -10 -4 2 0 0 0 0 0 2 2 0 2 0 0 0 0 -1 0 0 0
81 9 9 -3 -3 0 0 0 -3 3 -1 -1 1 0 0 0 0 0 0 0 1 0 -1 0 0
81 -9 9 -3 3 0 0 0 -3 -3 1 -1 1 0 0 0 0 0 0 0 -1 0 1 0 0
90 0 -6 -6 0 9 0 0 2 0 0 2 0 -3 0 0 0 0 0 0 0 0 0 0 -1
