# Generated from /project/atlas-scripts/character_table_E7.at
# e7_half_table: one character per line, 60 ints
1 -1 -1 1 1 -1 1 -1 1 -1 1 1 1 1 -1 -1 -1 1 1 1 -1 1 -1 1 -1 -1 -1 -1 1 1 -1 -1 1 1 -1 1 -1 -1 1 1 -1 1 -1 1 -1 1 1 -1 1 -1 -1 1 -1 1 -1 1 -1 1 -1 -1
7 -7 5 -5 -1 1 3 -3 -1 1 4 -2 1 3 -3 3 -1 1 -3 -1 1 1 -1 2 -4 2 2 -2 2 -2 -1 -2 2 0 0 1 -1 1 -1 -1 1 0 -1 1 1 -1 1 -2 0 0 0 0 2 -2 0 0 0 -1 -1 1
15 15 -5 -5 7 7 3 3 -1 -1 0 -3 3 -1 -1 1 -3 -3 1 3 3 1 1 0 0 -3 -2 -2 -2 -2 3 1 1 0 0 1 1 1 1 -1 -1 1 -1 -1 1 1 0 0 0 0 -2 -2 0 0 -1 -1 1 0 0 0
21 -21 11 -11 5 -5 5 -5 -3 3 6 3 0 1 -1 3 3 -3 -3 1 -1 1 -1 1 -6 -3 2 -2 2 -2 0 1 -1 2 -2 -2 2 -2 2 0 0 0 1 -1 1 -1 0 -1 -1 1 0 0 0 0 -1 1 0 1 0 -1
21 21 9 9 -3 -3 1 1 -3 -3 6 3 0 5 5 3 -1 -1 3 1 1 -1 -1 1 6 3 0 0 0 0 0 3 3 -2 -2 0 0 0 0 0 0 0 1 1 -1 -1 0 1 -1 -1 0 0 2 2 -1 -1 0 1 0 1
27 27 15 15 3 3 7 7 3 3 9 0 0 3 3 5 1 1 5 -1 -1 1 1 2 9 0 3 3 3 3 0 0 0 1 1 0 0 0 0 0 0 -1 -1 -1 1 1 0 2 0 0 -1 -1 1 1 0 0 -1 -1 0 -1
35 35 15 15 11 11 7 7 3 3 5 -1 2 -1 -1 1 5 5 1 3 3 1 1 0 5 -1 3 -1 -1 3 2 -1 -1 1 1 0 0 2 2 0 0 0 1 1 -1 -1 -1 0 0 0 1 1 -1 -1 -1 -1 0 0 -1 0
35 -35 5 -5 3 -3 -5 5 3 -3 5 -1 2 7 -7 1 1 -1 -1 -1 1 -1 1 0 -5 1 -1 3 -3 1 -2 -3 3 1 -1 -2 2 0 0 0 0 0 -1 1 -1 1 -1 0 0 0 1 -1 1 -1 -1 1 0 0 1 0
56 -56 24 -24 -8 8 8 -8 0 0 11 2 2 0 0 4 -4 4 -4 0 0 0 0 1 -11 -2 3 -1 1 -3 -2 2 -2 -1 1 0 0 2 -2 0 0 0 0 0 0 0 -1 -1 1 -1 1 -1 -1 1 0 0 0 1 1 -1
70 -70 10 -10 -10 10 6 -6 -2 2 -5 7 1 2 -2 -2 -2 2 2 2 -2 -2 2 0 5 -7 1 1 -1 -1 -1 1 -1 3 -3 -1 1 1 -1 1 -1 0 0 0 0 0 1 0 0 0 1 -1 1 -1 1 -1 0 0 -1 0
84 84 4 4 20 20 4 4 4 4 -6 3 3 4 4 0 0 0 0 4 4 0 0 -1 -6 3 -2 2 2 -2 3 -1 -1 -2 -2 1 1 -1 -1 1 1 0 0 0 0 0 0 -1 -1 -1 0 0 0 0 1 1 0 -1 0 -1
105 -105 -25 25 -7 7 9 -9 1 -1 0 6 3 -3 3 3 3 -3 -3 -3 3 1 -1 0 0 -6 -4 4 -4 4 -3 -2 2 0 0 1 -1 1 -1 1 -1 0 1 -1 1 -1 0 0 0 0 0 0 0 0 0 0 0 0 0 0
105 -105 35 -35 1 -1 5 -5 1 -1 15 -3 -3 5 -5 5 1 -1 -5 1 -1 -1 1 0 -15 3 -1 -1 1 1 3 -1 1 -1 1 1 -1 -1 1 1 -1 0 1 -1 -1 1 0 0 0 0 -1 1 1 -1 1 -1 0 0 0 0
105 -105 -5 5 17 -17 -3 3 -7 7 0 6 3 -3 3 1 -3 3 -1 1 -1 -1 1 0 0 -6 -2 -2 2 2 -3 -2 2 0 0 -1 1 1 -1 -1 1 0 1 -1 -1 1 0 0 0 0 -2 2 0 0 0 0 0 0 0 0
120 120 40 40 -8 -8 8 8 0 0 15 -6 0 0 0 4 -4 -4 4 0 0 0 0 0 15 -6 1 1 1 1 0 -2 -2 -1 -1 -2 -2 -2 -2 0 0 1 0 0 0 0 0 0 0 0 1 1 -1 -1 0 0 1 0 0 0
168 -168 -40 40 8 -8 8 -8 8 -8 6 6 -3 0 0 0 0 0 0 0 0 0 0 -2 -6 -6 2 -2 2 -2 3 -2 2 2 -2 1 -1 1 -1 -1 1 0 0 0 0 0 0 2 0 0 0 0 0 0 0 0 0 1 0 -1
189 189 -39 -39 21 21 1 1 -3 -3 9 0 0 -3 -3 -1 -5 -5 -1 1 1 -1 -1 -1 9 0 3 3 3 3 0 0 0 1 1 0 0 0 0 0 0 0 1 1 -1 -1 0 -1 1 1 -1 -1 1 1 0 0 0 -1 0 -1
189 189 -51 -51 -3 -3 13 13 -3 -3 9 0 0 -3 -3 1 1 1 1 -3 -3 1 1 -1 9 0 -3 -3 -3 -3 0 0 0 1 1 0 0 0 0 0 0 0 1 1 1 1 0 -1 -1 -1 1 1 1 1 0 0 0 -1 0 -1
189 189 21 21 -3 -3 -11 -11 -3 -3 9 0 0 9 9 1 1 1 1 1 1 1 1 -1 9 0 -3 -3 -3 -3 0 0 0 1 1 0 0 0 0 0 0 0 -1 -1 -1 -1 0 -1 1 1 1 1 1 1 0 0 0 -1 0 -1
210 -210 -10 10 -14 14 10 -10 2 -2 -15 -6 3 6 -6 2 2 -2 -2 -2 2 -2 2 0 15 6 -1 -1 1 1 -3 2 -2 1 -1 1 -1 -1 1 -1 1 0 0 0 0 0 0 0 0 0 -1 1 -1 1 0 0 0 0 0 0
210 210 50 50 2 2 2 2 -6 -6 15 3 0 -2 -2 2 2 2 2 -2 -2 -2 -2 0 15 3 -1 -1 -1 -1 0 -1 -1 -1 -1 2 2 2 2 0 0 0 0 0 0 0 0 0 0 0 -1 -1 -1 -1 1 1 0 0 0 0
216 216 -24 -24 24 24 8 8 0 0 -9 0 0 0 0 4 -4 -4 4 0 0 0 0 1 -9 0 -3 -3 -3 -3 0 0 0 -1 -1 0 0 0 0 0 0 -1 0 0 0 0 0 1 1 1 1 1 -1 -1 0 0 -1 1 0 1
280 280 40 40 24 24 8 8 0 0 -5 -8 -2 0 0 -4 4 4 -4 0 0 0 0 0 -5 -8 1 -3 -3 1 -2 0 0 -1 -1 -2 -2 0 0 0 0 0 0 0 0 0 1 0 0 0 -1 -1 1 1 0 0 0 0 1 0
280 -280 40 -40 -8 8 -8 8 8 -8 10 10 1 0 0 0 0 0 0 0 0 0 0 0 -10 -10 -2 2 -2 2 -1 2 -2 -2 2 -1 1 -1 1 -1 1 0 0 0 0 0 1 0 0 0 0 0 0 0 0 0 0 0 -1 0
315 -315 45 -45 -21 21 3 -3 3 -3 0 -9 0 -5 5 -3 -3 3 3 3 -3 -1 1 0 0 9 0 0 0 0 0 -3 3 0 0 0 0 0 0 0 0 0 1 -1 1 -1 0 0 0 0 0 0 0 0 -1 1 0 0 0 0
336 -336 16 -16 16 -16 -16 16 0 0 6 -6 0 0 0 0 0 0 0 0 0 0 0 1 -6 6 -2 2 -2 2 0 2 -2 2 -2 2 -2 2 -2 0 0 0 0 0 0 0 0 -1 -1 1 0 0 0 0 0 0 0 1 0 -1
378 378 -30 -30 -6 -6 2 2 -6 -6 -9 0 0 6 6 2 2 2 2 -2 -2 2 2 -2 -9 0 3 3 3 3 0 0 0 -1 -1 0 0 0 0 0 0 0 0 0 0 0 0 -2 0 0 -1 -1 -1 -1 0 0 0 1 0 1
405 -405 -45 45 -27 27 -3 3 -3 3 0 0 0 -3 3 3 3 -3 -3 5 -5 1 -1 0 0 0 0 0 0 0 0 0 0 0 0 0 0 0 0 0 0 -1 -1 1 -1 1 0 0 0 0 0 0 0 0 0 0 1 0 0 0
420 420 20 20 4 4 -12 -12 4 4 0 -3 3 -4 -4 0 0 0 0 -4 -4 0 0 0 0 -3 -4 4 4 -4 3 1 1 0 0 -1 -1 1 1 1 1 0 0 0 0 0 0 0 0 0 0 0 0 0 -1 -1 0 0 0 0
512 512 0 0 0 0 0 0 0 0 -16 8 -4 0 0 0 0 0 0 0 0 0 0 2 -16 8 0 0 0 0 -4 0 0 0 0 0 0 0 0 0 0 1 0 0 0 0 -1 2 0 0 0 0 0 0 0 0 1 -1 -1 -1
