# Generated from /project/atlas-scripts/e8_gap.at
# e8_gap_centralizer_sizes: one int per line
696729600
696729600
221184
184320
184320
46080
6144
311040
311040
155520
155520
7776
7776
2592
2592
18432
18432
1024
768
768
192
128
1200
1200
600
600
6912
6912
1728
1152
1152
288
864
864
432
216
288
288
72
48
28
28
64
128
128
108
108
54
54
80
80
20
576
576
288
288
144
144
96
96
24
60
60
30
30
5806080
5806080
18432
18432
15360
15360
4608
1536
1536
768
256
8640
8640
2592
2592
576
576
432
432
288
288
144
144
384
384
64
16
120
120
576
576
192
192
72
24
48
48
28
28
36
36
40
40
48
48
60
60
