0 1 0 0 0 0
0 1 0 0 0 1
0 1 0 0 1 0
0 1 0 0 1 1
0 1 0 1 0 0
0 1 0 1 0 1
0 1 0 1 1 0
0 1 0 1 1 1
0 1 1 0 0 0
0 1 1 0 0 1
0 1 1 0 1 0
0 1 1 0 1 1
0 1 1 1 0 0
0 1 1 1 0 1
0 1 1 1 1 0
0 1 1 1 1 1
1 1 0 1 0 0
1 1 0 1 0 1
1 1 0 1 1 0
1 1 0 1 1 1
1 1 1 1 0 0
1 1 1 1 0 1
1 1 1 1 1 0
1 1 1 1 1 1
2 1 1 0 1 0
2 1 1 0 1 1
2 1 1 1 1 0
2 1 1 1 1 1
3 1 0 0 0 1
3 1 0 0 1 1
3 1 0 1 0 1
3 1 0 1 1 1
3 1 1 0 0 1
3 1 1 0 1 1
3 1 1 1 0 1
3 1 1 1 1 1
4 1 0 0 1 0
4 1 0 0 1 1
4 1 0 1 1 0
4 1 0 1 1 1
4 1 1 0 1 0
4 1 1 0 1 1
4 1 1 1 1 0
4 1 1 1 1 1
5 1 0 1 0 1
5 1 0 1 1 1
5 1 1 1 0 1
5 1 1 1 1 1
6 1 0 1 1 0
6 1 0 1 1 1
6 1 1 1 1 0
6 1 1 1 1 1
7 1 1 0 0 0
7 1 1 0 0 1
7 1 1 0 1 0
7 1 1 0 1 1
7 1 1 1 0 0
7 1 1 1 0 1
7 1 1 1 1 0
7 1 1 1 1 1
8 1 1 0 1 1
8 1 1 1 1 1
9 1 1 0 0 1
9 1 1 0 1 1
9 1 1 1 0 1
9 1 1 1 1 1
10 1 0 0 1 1
10 1 0 1 1 1
10 1 1 0 1 1
10 1 1 1 1 1
11 1 0 1 1 1
11 1 1 1 1 1
12 1 0 0 -1 2
12 1 0 0 0 1
12 1 0 0 0 2
12 1 0 0 1 1
12 1 0 1 -1 2
12 1 0 1 0 1
12 1 0 1 0 2
12 1 0 1 1 1
12 1 1 0 -1 2
12 1 1 0 0 1
12 1 1 0 0 2
12 1 1 0 1 1
12 1 1 1 -1 2
12 1 1 1 0 1
12 1 1 1 0 2
12 1 1 1 1 1
13 1 0 1 -1 2
13 1 0 1 0 1
13 1 0 1 0 2
13 1 0 1 1 1
13 1 1 1 -1 2
13 1 1 1 0 1
13 1 1 1 0 2
13 1 1 1 1 1
14 1 1 0 -1 2
14 1 1 0 0 1
14 1 1 0 0 2
14 1 1 0 1 1
14 1 1 1 -1 2
14 1 1 1 0 1
14 1 1 1 0 2
14 1 1 1 1 1
15 1 0 -1 2 -1
15 1 0 -1 2 0
15 1 0 0 1 0
15 1 0 0 1 1
15 1 0 0 2 -1
15 1 0 0 2 0
15 1 0 1 1 0
15 1 0 1 1 1
15 1 1 -1 2 -1
15 1 1 -1 2 0
15 1 1 0 1 0
15 1 1 0 1 1
15 1 1 0 2 -1
15 1 1 0 2 0
15 1 1 1 1 0
15 1 1 1 1 1
16 1 0 0 1 0
16 1 0 0 1 1
16 1 0 0 2 -1
16 1 0 0 2 0
16 1 0 1 1 0
16 1 0 1 1 1
16 1 1 0 1 0
16 1 1 0 1 1
16 1 1 0 2 -1
16 1 1 0 2 0
16 1 1 1 1 0
16 1 1 1 1 1
17 1 1 -1 2 -1
17 1 1 -1 2 0
17 1 1 0 1 0
17 1 1 0 1 1
17 1 1 0 2 -1
17 1 1 0 2 0
17 1 1 1 1 0
17 1 1 1 1 1
18 1 -1 2 -2 0
18 1 -1 2 -2 1
18 1 -1 2 -1 0
18 1 -1 2 -1 1
18 1 0 1 0 0
18 1 0 1 0 1
18 1 0 1 1 0
18 1 0 1 1 1
18 1 0 2 -2 0
18 1 0 2 -2 1
18 1 0 2 -1 0
18 1 0 2 -1 1
18 1 1 1 0 0
18 1 1 1 0 1
18 1 1 1 1 0
18 1 1 1 1 1
18 1 0 1 -1 0
18 1 0 1 -1 1
18 1 0 2 0 0
18 1 0 2 0 1
19 1 -1 2 -1 0
19 1 -1 2 -1 1
19 1 0 1 0 0
19 1 0 1 0 1
19 1 0 1 1 0
19 1 0 1 1 1
19 1 0 2 -2 0
19 1 0 2 -2 1
19 1 0 2 -1 0
19 1 0 2 -1 1
19 1 1 1 0 0
19 1 1 1 0 1
19 1 1 1 1 0
19 1 1 1 1 1
19 1 0 1 -1 0
19 1 0 1 -1 1
19 1 0 2 0 0
19 1 0 2 0 1
20 1 -1 2 -2 1
20 1 -1 2 -1 1
20 1 0 1 0 1
20 1 0 1 1 1
20 1 0 2 -2 1
20 1 0 2 -1 1
20 1 1 1 0 1
20 1 1 1 1 1
20 1 0 1 -1 1
20 1 0 2 0 1
21 1 -1 2 -1 1
21 1 0 1 0 1
21 1 0 1 1 1
21 1 0 2 -2 1
21 1 0 2 -1 1
21 1 1 1 0 1
21 1 1 1 1 1
21 1 0 1 -1 1
21 1 0 2 0 1
22 1 2 -1 0 0
22 1 2 -1 0 1
22 1 2 -1 1 0
22 1 2 -1 1 1
22 1 2 0 0 0
22 1 2 0 0 1
22 1 2 0 1 0
22 1 2 0 1 1
22 1 1 0 0 0
22 1 1 0 0 1
22 1 1 0 1 0
22 1 1 0 1 1
22 1 1 1 0 0
22 1 1 1 0 1
22 1 1 1 1 0
22 1 1 1 1 1
23 1 2 -1 0 1
23 1 2 -1 1 1
23 1 2 0 0 1
23 1 2 0 1 1
23 1 1 0 0 1
23 1 1 0 1 1
23 1 1 1 0 1
23 1 1 1 1 1
24 1 2 -1 1 0
24 1 2 -1 1 1
24 1 2 0 1 0
24 1 2 0 1 1
24 1 1 0 1 0
24 1 1 0 1 1
24 1 1 1 1 0
24 1 1 1 1 1
25 1 2 -1 1 1
25 1 2 0 1 1
25 1 1 0 1 1
25 1 1 1 1 1
26 1 -1 2 -3 2
26 1 -1 2 -2 1
26 1 -1 2 -2 2
26 1 -1 2 -1 1
26 1 -1 3 -3 2
26 1 0 1 0 1
26 1 -1 3 -2 2
26 1 0 1 1 1
26 1 0 2 -3 2
26 1 0 2 -2 1
26 1 0 2 -2 2
26 1 0 2 -1 1
26 1 0 3 -3 2
26 1 1 1 0 1
26 1 0 3 -2 2
26 1 1 1 1 1
26 1 0 1 -1 1
26 1 0 2 -1 2
26 1 -1 3 -4 2
26 1 0 2 0 1
27 1 2 -1 -1 2
27 1 2 -1 0 1
27 1 2 -1 0 2
27 1 2 -1 1 1
27 1 2 0 -1 2
27 1 2 0 0 1
27 1 2 0 0 2
27 1 2 0 1 1
27 1 3 -1 -1 2
27 1 1 0 0 1
27 1 3 -1 0 2
27 1 1 0 1 1
27 1 3 0 -1 2
27 1 1 1 0 1
27 1 3 0 0 2
27 1 1 1 1 1
28 1 2 -2 2 -1
28 1 2 -2 2 0
28 1 2 -1 1 0
28 1 2 -1 1 1
28 1 2 -1 2 -1
28 1 2 -1 2 0
28 1 2 0 1 0
28 1 2 0 1 1
28 1 3 -2 2 -1
28 1 3 -2 2 0
28 1 1 0 1 0
28 1 1 0 1 1
28 1 3 -1 2 -1
28 1 3 -1 2 0
28 1 1 1 1 0
28 1 1 1 1 1
28 1 1 -1 1 0
28 1 2 0 2 0
29 1 0 -1 1 1
29 1 0 -1 1 2
29 1 0 -1 2 1
29 1 0 0 1 1
29 1 0 0 1 2
29 1 0 0 2 1
29 1 0 1 1 1
29 1 1 -1 1 1
29 1 1 -1 1 2
29 1 1 -1 2 1
29 1 1 0 1 1
29 1 1 0 1 2
29 1 1 0 2 1
29 1 1 1 1 1
30 1 0 -1 2 1
30 1 0 0 1 1
30 1 0 0 1 2
30 1 0 0 2 1
30 1 0 1 1 1
30 1 1 -1 2 1
30 1 1 0 1 1
30 1 1 0 1 2
30 1 1 0 2 1
30 1 1 1 1 1
31 1 1 -1 1 1
31 1 1 -1 1 2
31 1 1 -1 2 1
31 1 1 0 1 1
31 1 1 0 1 2
31 1 1 0 2 1
31 1 1 1 1 1
32 1 -1 0 2 -2
32 1 -1 0 2 -1
32 1 -1 0 3 -2
32 1 -1 0 3 -1
32 1 -1 1 2 -2
32 1 -1 1 2 -1
32 1 0 1 1 0
32 1 0 1 1 1
32 1 0 0 2 -2
32 1 0 0 2 -1
32 1 0 0 3 -2
32 1 0 0 3 -1
32 1 0 1 2 -2
32 1 0 1 2 -1
32 1 1 1 1 0
32 1 1 1 1 1
32 1 -1 0 3 -3
32 1 0 0 2 0
32 1 0 1 1 -1
32 1 0 1 2 0
33 1 -1 0 2 -1
33 1 -1 0 3 -2
33 1 -1 0 3 -1
33 1 -1 1 2 -1
33 1 0 1 1 0
33 1 0 1 1 1
33 1 0 0 2 -1
33 1 0 0 3 -2
33 1 0 0 3 -1
33 1 0 1 2 -1
33 1 1 1 1 0
33 1 1 1 1 1
33 1 0 0 2 0
33 1 0 1 2 0
34 1 -1 0 3 -2
34 1 -1 0 3 -1
34 1 -1 1 2 -2
34 1 -1 1 2 -1
34 1 0 1 1 0
34 1 0 1 1 1
34 1 0 0 2 -2
34 1 0 0 2 -1
34 1 0 0 3 -2
34 1 0 0 3 -1
34 1 0 1 2 -2
34 1 0 1 2 -1
34 1 1 1 1 0
34 1 1 1 1 1
34 1 -1 0 3 -3
34 1 0 0 2 0
34 1 0 1 1 -1
34 1 0 1 2 0
35 1 -1 0 3 -2
35 1 -1 0 3 -1
35 1 -1 1 2 -1
35 1 0 1 1 0
35 1 0 1 1 1
35 1 0 0 2 -1
35 1 0 0 3 -2
35 1 0 0 3 -1
35 1 0 1 2 -1
35 1 1 1 1 0
35 1 1 1 1 1
35 1 0 0 2 0
35 1 0 1 2 0
36 1 -2 2 0 -2
36 1 -2 2 0 -1
36 1 -1 1 1 -1
36 1 -1 1 1 0
36 1 -1 2 0 -1
36 1 -1 2 0 0
36 1 0 1 1 0
36 1 0 1 1 1
36 1 -1 2 0 -2
36 1 0 1 1 -1
36 1 0 2 0 -1
36 1 0 2 0 0
36 1 1 1 1 0
36 1 1 1 1 1
37 1 -1 1 1 -1
37 1 -1 1 1 0
37 1 0 1 1 0
37 1 0 1 1 1
37 1 0 1 1 -1
37 1 1 1 1 0
37 1 1 1 1 1
38 1 -1 2 0 -1
38 1 -1 2 0 0
38 1 0 1 1 0
38 1 0 1 1 1
38 1 -1 2 0 -2
38 1 0 1 1 -1
38 1 0 2 0 -1
38 1 0 2 0 0
38 1 1 1 1 0
38 1 1 1 1 1
39 1 1 1 -2 0
39 1 1 1 -2 1
39 1 1 1 -1 0
39 1 1 1 -1 1
39 1 1 2 -2 0
39 1 1 2 -2 1
39 1 1 2 -1 0
39 1 1 2 -1 1
39 1 2 1 -2 0
39 1 2 1 -2 1
39 1 2 1 -1 0
39 1 2 1 -1 1
39 1 1 1 0 0
39 1 1 1 0 1
39 1 1 1 1 0
39 1 1 1 1 1
40 1 1 1 -1 0
40 1 1 1 -1 1
40 1 1 2 -2 0
40 1 1 2 -2 1
40 1 1 2 -1 0
40 1 1 2 -1 1
40 1 2 1 -1 0
40 1 2 1 -1 1
40 1 1 1 0 0
40 1 1 1 0 1
40 1 1 1 1 0
40 1 1 1 1 1
41 1 1 1 -2 1
41 1 1 1 -1 1
41 1 1 2 -2 1
41 1 1 2 -1 1
41 1 2 1 -2 1
41 1 2 1 -1 1
41 1 1 1 0 1
41 1 1 1 1 1
42 1 1 1 -1 1
42 1 1 2 -2 1
42 1 1 2 -1 1
42 1 2 1 -1 1
42 1 1 1 0 1
42 1 1 1 1 1
43 1 -1 -1 3 -1
43 1 -2 -1 5 -2
43 1 -1 -1 4 -1
43 1 -1 0 3 -1
43 1 -1 0 3 0
43 1 -1 0 4 -1
43 1 0 1 1 1
43 1 0 -1 3 -1
43 1 -1 -1 5 -2
43 1 0 -1 4 -1
43 1 0 0 3 -1
43 1 0 0 3 0
43 1 0 0 4 -1
43 1 1 1 1 1
43 1 0 0 2 0
43 1 -1 -1 4 -2
43 1 0 1 2 0
44 1 -2 1 2 -3
44 1 -4 2 4 -6
44 1 -4 2 4 -5
44 1 -2 1 2 -2
44 1 -1 1 1 -1
44 1 -3 2 3 -4
44 1 -3 2 3 -3
44 1 -1 1 1 0
44 1 -3 2 4 -5
44 1 -1 1 2 -2
44 1 -1 1 2 -1
44 1 -3 2 4 -4
44 1 -2 2 3 -3
44 1 0 1 1 0
44 1 0 1 1 1
44 1 -2 2 3 -2
44 1 -1 1 2 -3
44 1 -3 2 4 -6
44 1 0 1 1 -1
44 1 -2 2 3 -4
44 1 -2 2 4 -5
44 1 0 1 2 -2
44 1 0 1 2 -1
44 1 -2 2 4 -4
44 1 -1 2 3 -3
44 1 1 1 1 0
44 1 1 1 1 1
44 1 -1 2 3 -2
44 1 -3 2 3 -5
44 1 -1 1 1 -2
44 1 -2 2 4 -3
44 1 0 1 2 0
45 1 -1 1 1 -1
45 1 -3 2 3 -4
45 1 -3 2 3 -3
45 1 -1 1 1 0
45 1 -3 2 4 -5
45 1 -1 1 2 -2
45 1 -1 1 2 -1
45 1 -3 2 4 -4
45 1 -2 2 3 -3
45 1 0 1 1 0
45 1 0 1 1 1
45 1 -2 2 3 -2
45 1 -1 1 2 -3
45 1 -3 2 4 -6
45 1 0 1 1 -1
45 1 -2 2 3 -4
45 1 -2 2 4 -5
45 1 0 1 2 -2
45 1 0 1 2 -1
45 1 -2 2 4 -4
45 1 -1 2 3 -3
45 1 1 1 1 0
45 1 1 1 1 1
45 1 -1 2 3 -2
45 1 -3 2 3 -5
45 1 -1 1 1 -2
45 1 -2 2 4 -3
45 1 0 1 2 0
46 1 0 4 -4 -2
46 1 0 4 -4 -1
46 1 0 2 -1 -1
46 1 0 2 -1 0
46 1 0 3 -2 -1
46 1 0 3 -2 0
46 1 1 2 -1 0
46 1 1 2 -1 1
46 1 0 3 -2 -2
46 1 1 2 -1 -1
46 1 1 3 -2 -1
46 1 1 3 -2 0
46 1 1 1 1 0
46 1 1 1 1 1
46 1 0 3 -3 -1
46 1 1 2 0 0
47 1 2 -2 1 1
47 1 2 -2 1 2
47 1 2 -2 2 1
47 1 2 -1 1 1
47 1 2 -1 1 2
47 1 2 -1 2 1
47 1 2 0 1 1
47 1 1 -1 1 1
47 1 3 -2 1 2
47 1 3 -2 2 1
47 1 1 0 1 1
47 1 3 -1 1 2
47 1 3 -1 2 1
47 1 1 1 1 1
48 1 2 2 -5 2
48 1 1 1 -2 1
48 1 2 2 -4 2
48 1 1 1 -1 1
48 1 1 2 -3 2
48 1 1 2 -2 1
48 1 1 2 -2 2
48 1 1 2 -1 1
48 1 2 1 -3 2
48 1 2 1 -2 1
48 1 2 1 -2 2
48 1 2 1 -1 1
48 1 2 2 -3 2
48 1 1 1 0 1
48 1 2 2 -2 2
48 1 1 1 1 1
49 1 -2 0 0 4
49 1 -1 0 0 3
49 1 -1 0 1 2
49 1 -1 0 1 3
49 1 -1 1 0 2
49 1 -1 1 0 3
49 1 -1 1 1 2
49 1 0 1 1 1
49 1 -1 0 0 4
49 1 0 0 0 3
49 1 0 0 1 2
49 1 0 0 1 3
49 1 0 1 0 2
49 1 0 1 0 3
49 1 0 1 1 2
49 1 1 1 1 1
50 1 -1 0 1 2
50 1 -1 0 1 3
50 1 -1 1 1 2
50 1 0 1 1 1
50 1 0 0 1 2
50 1 0 0 1 3
50 1 0 1 1 2
50 1 1 1 1 1
51 1 -1 0 0 3
51 1 -1 0 1 2
51 1 -1 0 1 3
51 1 -1 1 0 2
51 1 -1 1 0 3
51 1 -1 1 1 2
51 1 0 1 1 1
51 1 -1 0 0 4
51 1 0 0 0 3
51 1 0 0 1 2
51 1 0 0 1 3
51 1 0 1 0 2
51 1 0 1 0 3
51 1 0 1 1 2
51 1 1 1 1 1
52 1 -1 0 1 2
52 1 -1 0 1 3
52 1 -1 1 1 2
52 1 0 1 1 1
52 1 0 0 1 2
52 1 0 0 1 3
52 1 0 1 1 2
52 1 1 1 1 1
53 1 -2 2 -2 2
53 1 -2 2 -2 3
53 1 -2 2 -1 2
53 1 -1 1 0 2
53 1 -1 2 -1 1
53 1 -1 2 -1 2
53 1 -1 2 0 1
53 1 0 1 1 1
53 1 -1 2 -2 2
53 1 -1 2 -2 3
53 1 0 1 0 2
53 1 0 2 -1 1
53 1 0 2 -1 2
53 1 0 2 0 1
53 1 1 1 1 1
54 1 -2 2 -1 2
54 1 -1 1 0 2
54 1 -1 2 -1 2
54 1 -1 2 0 1
54 1 0 1 1 1
54 1 0 1 0 2
54 1 0 2 -1 2
54 1 0 2 0 1
54 1 1 1 1 1
55 1 -1 2 -1 1
55 1 -1 2 -1 2
55 1 -1 2 0 1
55 1 0 1 1 1
55 1 -1 2 -2 2
55 1 -1 2 -2 3
55 1 0 1 0 2
55 1 0 2 -1 1
55 1 0 2 -1 2
55 1 0 2 0 1
55 1 1 1 1 1
56 1 2 -2 4 -4
56 1 2 -2 4 -3
56 1 1 -1 3 -2
56 1 1 -1 3 -1
56 1 1 0 2 -2
56 1 1 0 2 -1
56 1 1 0 3 -2
56 1 1 0 3 -1
56 1 2 -1 2 -2
56 1 2 -1 2 -1
56 1 2 -1 3 -2
56 1 2 -1 3 -1
56 1 2 0 2 -2
56 1 2 0 2 -1
56 1 1 1 1 0
56 1 1 1 1 1
56 1 2 -1 3 -3
56 1 1 0 2 0
57 1 1 -1 3 -2
57 1 1 -1 3 -1
57 1 1 0 2 -2
57 1 1 0 2 -1
57 1 1 0 3 -2
57 1 1 0 3 -1
57 1 2 -1 3 -2
57 1 2 -1 3 -1
57 1 2 0 2 -2
57 1 2 0 2 -1
57 1 1 1 1 0
57 1 1 1 1 1
57 1 2 -1 3 -3
57 1 1 0 2 0
58 1 2 -2 4 -3
58 1 1 -1 3 -2
58 1 1 -1 3 -1
58 1 1 0 2 -1
58 1 1 0 3 -2
58 1 1 0 3 -1
58 1 2 -1 2 -1
58 1 2 -1 3 -2
58 1 2 -1 3 -1
58 1 2 0 2 -1
58 1 1 1 1 0
58 1 1 1 1 1
58 1 1 0 2 0
59 1 1 -1 3 -2
59 1 1 -1 3 -1
59 1 1 0 2 -1
59 1 1 0 3 -2
59 1 1 0 3 -1
59 1 2 -1 3 -2
59 1 2 -1 3 -1
59 1 2 0 2 -1
59 1 1 1 1 0
59 1 1 1 1 1
59 1 1 0 2 0
60 1 3 0 0 -3
60 1 3 0 0 -2
60 1 2 0 1 -2
60 1 2 0 1 -1
60 1 2 1 0 -2
60 1 2 1 0 -1
60 1 1 1 1 -1
60 1 1 1 1 0
60 1 3 0 0 -1
60 1 2 0 1 0
60 1 2 1 0 0
60 1 1 1 1 1
61 1 2 0 1 -2
61 1 2 0 1 -1
61 1 1 1 1 -1
61 1 1 1 1 0
61 1 2 0 1 0
61 1 1 1 1 1
62 1 2 1 0 -2
62 1 2 1 0 -1
62 1 1 1 1 -1
62 1 1 1 1 0
62 1 2 1 0 0
62 1 1 1 1 1
63 1 -2 -1 2 3
63 1 -2 -1 2 4
63 1 -1 0 1 2
63 1 -1 0 1 3
63 1 -2 0 2 3
63 1 -1 0 2 2
63 1 -1 1 1 2
63 1 0 1 1 1
63 1 -1 -1 2 3
63 1 -1 -1 2 4
63 1 0 0 1 2
63 1 0 0 1 3
63 1 -1 0 2 3
63 1 0 0 2 2
63 1 0 1 1 2
63 1 1 1 1 1
64 1 0 0 4 -6
64 1 0 0 4 -5
64 1 0 0 3 -3
64 1 0 0 3 -2
64 1 1 0 4 -5
64 1 1 0 4 -4
64 1 1 0 3 -2
64 1 1 0 3 -1
64 1 1 0 4 -6
64 1 1 0 3 -3
64 1 1 1 2 -3
64 1 1 1 2 -2
64 1 1 1 1 0
64 1 1 1 1 1
64 1 0 0 3 -4
64 1 0 0 4 -4
64 1 1 0 4 -3
64 1 1 0 3 -4
64 1 1 1 1 -1
64 1 1 1 2 -1
65 1 -2 1 -1 3
65 1 -4 2 -2 6
65 1 -2 1 -1 4
65 1 -4 2 -2 7
65 1 -4 2 -1 6
65 1 -2 1 0 3
65 1 -3 2 -1 5
65 1 -1 1 0 2
65 1 -3 2 -1 6
65 1 -1 1 0 3
65 1 -1 1 1 2
65 1 -3 2 0 5
65 1 0 1 1 1
65 1 -2 2 0 4
65 1 -1 1 -1 3
65 1 -3 2 -2 6
65 1 -1 1 -1 4
65 1 -3 2 -2 7
65 1 -2 2 -1 5
65 1 0 1 0 2
65 1 -2 2 -1 6
65 1 0 1 0 3
65 1 0 1 1 2
65 1 -2 2 0 5
65 1 1 1 1 1
65 1 -1 2 0 4
66 1 -2 1 -1 4
66 1 -4 2 -2 7
66 1 -4 2 -1 6
66 1 -2 1 0 3
66 1 -3 2 -1 5
66 1 -1 1 0 2
66 1 -3 2 -1 6
66 1 -1 1 0 3
66 1 -1 1 1 2
66 1 -3 2 0 5
66 1 0 1 1 1
66 1 -2 2 0 4
66 1 -1 1 -1 3
66 1 -3 2 -2 6
66 1 -1 1 -1 4
66 1 -3 2 -2 7
66 1 -2 2 -1 5
66 1 0 1 0 2
66 1 -2 2 -1 6
66 1 0 1 0 3
66 1 0 1 1 2
66 1 -2 2 0 5
66 1 1 1 1 1
66 1 -1 2 0 4
67 1 -3 2 0 0
67 1 -4 2 2 -1
67 1 -3 2 1 0
67 1 -2 1 2 0
67 1 -2 2 1 -1
67 1 -2 2 1 0
67 1 -2 2 2 -1
67 1 0 1 1 1
67 1 -2 2 0 0
67 1 -3 2 2 -1
67 1 -1 1 2 0
67 1 -1 2 1 -1
67 1 -1 2 1 0
67 1 -1 2 2 -1
67 1 1 1 1 1
67 1 0 1 2 0
67 1 -1 2 0 0
67 1 -1 1 1 1
67 1 -3 2 1 -1
68 1 -1 3 -4 2
68 1 0 4 -6 3
68 1 0 4 -5 2
68 1 0 2 -2 2
68 1 0 3 -3 1
68 1 0 3 -3 2
68 1 0 3 -2 1
68 1 1 2 -1 1
68 1 0 3 -4 2
68 1 0 3 -4 3
68 1 1 2 -2 2
68 1 0 2 -1 1
68 1 1 3 -3 2
68 1 1 3 -2 1
68 1 1 1 1 1
69 1 2 -3 5 -3
69 1 2 -3 5 -2
69 1 2 -3 6 -3
69 1 1 -1 3 -1
69 1 2 -2 5 -2
69 1 1 -1 4 -1
69 1 1 0 3 -1
69 1 2 -2 3 -1
69 1 3 -3 5 -2
69 1 2 -2 4 -1
69 1 2 -1 3 -1
69 1 2 -1 3 0
69 1 2 -1 4 -1
69 1 1 1 1 1
69 1 2 -2 4 -2
69 1 1 0 2 0
70 1 5 -2 4 -7
70 1 3 -1 2 -4
70 1 3 -1 2 -3
70 1 5 -2 4 -6
70 1 4 -1 3 -5
70 1 2 0 1 -2
70 1 2 0 1 -1
70 1 4 -1 3 -4
70 1 2 0 2 -3
70 1 4 -1 4 -6
70 1 4 -1 4 -5
70 1 2 0 2 -2
70 1 1 1 1 -1
70 1 3 0 3 -4
70 1 3 0 3 -3
70 1 1 1 1 0
70 1 5 -2 4 -5
70 1 3 -1 2 -2
70 1 4 -1 3 -3
70 1 2 0 1 0
70 1 2 0 2 -1
70 1 4 -1 4 -4
70 1 1 1 1 1
70 1 3 0 3 -2
71 1 4 -1 3 -5
71 1 2 0 1 -2
71 1 2 0 1 -1
71 1 4 -1 3 -4
71 1 2 0 2 -3
71 1 4 -1 4 -6
71 1 4 -1 4 -5
71 1 2 0 2 -2
71 1 1 1 1 -1
71 1 3 0 3 -4
71 1 3 0 3 -3
71 1 1 1 1 0
71 1 4 -1 3 -3
71 1 2 0 1 0
71 1 2 0 2 -1
71 1 4 -1 4 -4
71 1 1 1 1 1
71 1 3 0 3 -2
72 1 2 2 -2 -3
72 1 2 2 -2 -2
72 1 1 2 -1 -2
72 1 1 2 -1 -1
72 1 1 3 -2 -2
72 1 1 3 -2 -1
72 1 1 1 1 -1
72 1 1 1 1 0
72 1 2 2 -2 -1
72 1 1 2 -1 0
72 1 1 3 -2 0
72 1 1 1 1 1
72 1 2 1 -1 -2
72 1 1 2 0 -1
72 1 2 1 -1 -1
72 1 1 2 0 0
73 1 -3 0 3 0
73 1 -2 0 2 1
73 1 -2 0 3 0
73 1 -1 0 2 1
73 1 -2 1 2 0
73 1 -1 1 1 1
73 1 -1 1 2 0
73 1 0 1 1 1
73 1 -1 0 3 0
73 1 0 0 2 1
73 1 0 1 2 0
73 1 1 1 1 1
74 1 -1 1 1 1
74 1 0 1 1 1
74 1 1 1 1 1
75 1 -2 0 3 0
75 1 -1 0 2 1
75 1 -2 1 2 0
75 1 -1 1 1 1
75 1 -1 1 2 0
75 1 0 1 1 1
75 1 -1 0 3 0
75 1 0 0 2 1
75 1 0 1 2 0
75 1 1 1 1 1
76 1 0 2 0 -4
76 1 0 2 0 -3
76 1 0 2 1 -4
76 1 0 2 1 -3
76 1 0 2 0 -2
76 1 0 2 0 -1
76 1 0 2 1 -2
76 1 0 2 1 -1
76 1 1 2 0 -4
76 1 1 2 0 -3
76 1 1 1 1 -2
76 1 1 1 1 -1
76 1 1 2 0 -2
76 1 1 2 0 -1
76 1 1 1 1 0
76 1 1 1 1 1
77 1 0 2 0 -3
77 1 0 2 1 -4
77 1 0 2 1 -3
77 1 0 2 0 -2
77 1 0 2 0 -1
77 1 0 2 1 -2
77 1 0 2 1 -1
77 1 1 2 0 -3
77 1 1 1 1 -2
77 1 1 1 1 -1
77 1 1 2 0 -2
77 1 1 2 0 -1
77 1 1 1 1 0
77 1 1 1 1 1
78 1 0 2 1 -4
78 1 0 2 1 -3
78 1 0 2 1 -2
78 1 0 2 1 -1
78 1 1 1 1 -2
78 1 1 1 1 -1
78 1 1 1 1 0
78 1 1 1 1 1
79 1 0 2 1 -4
79 1 0 2 1 -3
79 1 0 2 1 -2
79 1 0 2 1 -1
79 1 1 1 1 -2
79 1 1 1 1 -1
79 1 1 1 1 0
79 1 1 1 1 1
80 1 2 -2 0 4
80 1 2 -2 0 5
80 1 2 -2 1 4
80 1 1 -1 1 3
80 1 2 -1 0 4
80 1 1 0 0 3
80 1 1 0 1 2
80 1 1 0 1 3
80 1 3 -2 0 4
80 1 2 -1 0 3
80 1 2 -1 1 2
80 1 2 -1 1 3
80 1 2 0 0 2
80 1 2 0 0 3
80 1 2 0 1 2
80 1 1 1 1 1
81 1 2 -2 0 5
81 1 2 -2 1 4
81 1 1 -1 1 3
81 1 2 -1 0 4
81 1 1 0 0 3
81 1 1 0 1 2
81 1 1 0 1 3
81 1 2 -1 0 3
81 1 2 -1 1 2
81 1 2 -1 1 3
81 1 2 0 0 2
81 1 2 0 0 3
81 1 2 0 1 2
81 1 1 1 1 1
82 1 2 -2 1 4
82 1 1 -1 1 3
82 1 1 0 1 2
82 1 1 0 1 3
82 1 2 -1 1 2
82 1 2 -1 1 3
82 1 2 0 1 2
82 1 1 1 1 1
83 1 2 -2 1 4
83 1 1 -1 1 3
83 1 1 0 1 2
83 1 1 0 1 3
83 1 2 -1 1 2
83 1 2 -1 1 3
83 1 2 0 1 2
83 1 1 1 1 1
84 1 3 0 -3 3
84 1 3 0 -3 4
84 1 3 0 -2 3
84 1 2 0 -1 3
84 1 2 1 -2 2
84 1 2 1 -2 3
84 1 2 1 -1 2
84 1 1 1 0 2
84 1 3 0 -2 2
84 1 3 0 -1 2
84 1 2 0 0 2
84 1 2 1 -1 1
84 1 2 1 0 1
84 1 1 1 1 1
85 1 3 0 -2 3
85 1 2 0 -1 3
85 1 2 1 -2 3
85 1 2 1 -1 2
85 1 1 1 0 2
85 1 3 0 -1 2
85 1 2 0 0 2
85 1 2 1 0 1
85 1 1 1 1 1
86 1 2 1 -2 2
86 1 2 1 -2 3
86 1 2 1 -1 2
86 1 1 1 0 2
86 1 2 1 -1 1
86 1 2 1 0 1
86 1 1 1 1 1
87 1 0 0 -2 6
87 1 0 0 -2 7
87 1 0 0 -1 6
87 1 0 0 0 4
87 1 1 0 -1 5
87 1 1 0 -1 6
87 1 1 0 0 5
87 1 1 0 1 3
87 1 1 0 -2 6
87 1 1 0 -2 7
87 1 1 0 0 4
87 1 1 1 -1 3
87 1 1 1 -1 4
87 1 1 1 0 3
87 1 1 1 1 1
87 1 0 0 -1 5
87 1 1 1 0 2
88 1 -5 0 3 4
88 1 -3 0 2 2
88 1 -4 0 3 3
88 1 -2 0 2 1
88 1 -4 0 3 4
88 1 -2 0 2 2
88 1 -3 0 3 3
88 1 -1 0 2 1
88 1 -2 1 1 2
88 1 -4 1 2 4
88 1 -1 1 1 1
88 1 -3 1 2 3
88 1 -1 1 1 2
88 1 -3 1 2 4
88 1 0 1 1 1
88 1 -2 1 2 3
88 1 -3 0 3 4
88 1 -1 0 2 2
88 1 -2 0 3 3
88 1 0 0 2 1
88 1 0 1 1 2
88 1 -2 1 2 4
88 1 1 1 1 1
88 1 -1 1 2 3
89 1 -4 0 3 3
89 1 -2 0 2 1
89 1 -4 0 3 4
89 1 -2 0 2 2
89 1 -3 0 3 3
89 1 -1 0 2 1
89 1 -2 1 1 2
89 1 -4 1 2 4
89 1 -1 1 1 1
89 1 -3 1 2 3
89 1 -1 1 1 2
89 1 -3 1 2 4
89 1 0 1 1 1
89 1 -2 1 2 3
89 1 -3 0 3 4
89 1 -1 0 2 2
89 1 -2 0 3 3
89 1 0 0 2 1
89 1 0 1 1 2
89 1 -2 1 2 4
89 1 1 1 1 1
89 1 -1 1 2 3
90 1 -1 -2 7 -4
90 1 0 -2 6 -3
90 1 0 -2 7 -4
90 1 0 -1 4 -1
90 1 0 -1 6 -4
90 1 0 0 3 -1
90 1 0 0 4 -2
90 1 1 0 3 -1
90 1 0 -1 5 -2
90 1 1 -1 4 -1
90 1 1 0 4 -2
90 1 1 1 1 1
90 1 0 -1 5 -3
90 1 1 -1 5 -2
91 1 -4 2 0 2
91 1 -4 2 0 3
91 1 -2 1 1 1
91 1 -2 1 1 2
91 1 -3 2 0 3
91 1 -2 2 0 2
91 1 -1 1 1 2
91 1 0 1 1 1
91 1 -3 2 0 2
91 1 -1 1 1 1
91 1 -2 2 0 3
91 1 -1 2 0 2
91 1 0 1 1 2
91 1 1 1 1 1
92 1 -4 2 1 0
92 1 -3 2 0 1
92 1 -3 2 1 0
92 1 -2 2 0 1
92 1 -3 3 0 0
92 1 -1 1 1 1
92 1 -2 3 0 0
92 1 0 1 1 1
92 1 -2 2 1 0
92 1 -1 2 0 1
92 1 -1 3 0 0
92 1 1 1 1 1
92 1 -2 1 1 1
92 1 0 2 0 1
92 1 -4 3 0 0
92 1 -1 2 1 0
93 1 -2 4 -2 -2
93 1 -2 5 -2 -3
93 1 -2 4 -1 -2
93 1 -1 3 0 -2
93 1 -1 3 -1 -1
93 1 -1 4 -1 -2
93 1 -1 3 0 -1
93 1 0 2 1 -1
93 1 -1 4 -2 -2
93 1 -1 4 -2 -1
93 1 0 2 0 0
93 1 0 3 -1 -1
93 1 0 3 -1 0
93 1 0 3 0 -1
93 1 1 1 1 1
94 1 0 2 2 -7
94 1 0 2 2 -6
94 1 0 2 1 -4
94 1 0 2 1 -3
94 1 0 2 2 -5
94 1 0 2 2 -4
94 1 0 2 1 -2
94 1 0 2 1 -1
94 1 1 1 2 -5
94 1 1 1 2 -4
94 1 1 1 1 -2
94 1 1 1 1 -1
94 1 1 1 2 -3
94 1 1 1 2 -2
94 1 1 1 1 0
94 1 1 1 1 1
94 1 0 2 1 -5
94 1 0 2 2 -3
94 1 1 1 1 -3
94 1 1 1 2 -1
95 1 3 -4 2 5
95 1 2 -3 2 4
95 1 2 -2 1 4
95 1 1 -1 1 3
95 1 2 -2 2 3
95 1 2 -2 2 4
95 1 1 0 1 2
95 1 1 0 1 3
95 1 3 -3 2 3
95 1 3 -3 2 4
95 1 2 -1 1 2
95 1 2 -1 1 3
95 1 3 -2 2 3
95 1 2 -1 2 2
95 1 2 0 1 2
95 1 1 1 1 1
95 1 2 -2 1 3
95 1 2 -1 2 3
96 1 5 -2 -3 7
96 1 3 -1 -2 4
96 1 5 -2 -3 8
96 1 3 -1 -2 5
96 1 3 -1 -1 4
96 1 5 -2 -2 7
96 1 2 0 -1 3
96 1 4 -1 -2 6
96 1 2 0 -1 4
96 1 4 -1 -2 7
96 1 4 -1 -1 6
96 1 2 0 0 3
96 1 3 0 -1 5
96 1 1 1 0 2
96 1 3 -1 -1 3
96 1 5 -2 -2 6
96 1 5 -2 -1 6
96 1 3 -1 0 3
96 1 4 -1 -1 5
96 1 2 0 0 2
96 1 2 0 1 2
96 1 4 -1 0 5
96 1 1 1 1 1
96 1 3 0 0 4
97 1 5 -2 -3 8
97 1 3 -1 -2 5
97 1 3 -1 -1 4
97 1 5 -2 -2 7
97 1 2 0 -1 3
97 1 4 -1 -2 6
97 1 2 0 -1 4
97 1 4 -1 -2 7
97 1 4 -1 -1 6
97 1 2 0 0 3
97 1 3 0 -1 5
97 1 1 1 0 2
97 1 5 -2 -1 6
97 1 3 -1 0 3
97 1 4 -1 -1 5
97 1 2 0 0 2
97 1 2 0 1 2
97 1 4 -1 0 5
97 1 1 1 1 1
97 1 3 0 0 4
98 1 5 -2 1 -1
98 1 5 -2 1 0
98 1 5 -2 2 -1
98 1 3 -1 1 1
98 1 3 0 0 0
98 1 4 -1 2 -1
98 1 3 0 1 0
98 1 2 0 2 0
98 1 4 -1 0 0
98 1 4 -1 1 0
98 1 3 -1 2 0
98 1 3 0 1 -1
98 1 3 0 2 -1
98 1 1 1 1 1
98 1 2 0 1 1
98 1 4 -1 1 -1
99 1 1 0 4 -7
99 1 1 0 4 -6
99 1 1 0 3 -4
99 1 1 0 3 -3
99 1 1 1 2 -4
99 1 1 1 2 -3
99 1 1 1 1 -1
99 1 1 1 1 0
99 1 1 0 4 -5
99 1 1 0 3 -2
99 1 1 1 2 -2
99 1 1 1 1 1
99 1 1 0 3 -5
99 1 1 1 1 -2
99 1 1 0 4 -4
99 1 1 1 2 -1
100 1 2 2 -5 3
100 1 2 2 -5 4
100 1 2 2 -4 3
100 1 1 2 -3 3
100 1 2 1 -2 2
100 1 1 3 -4 3
100 1 1 3 -3 2
100 1 1 1 0 2
100 1 2 2 -4 2
100 1 2 2 -3 2
100 1 1 2 -2 2
100 1 2 1 -1 1
100 1 1 3 -2 1
100 1 1 1 1 1
100 1 2 1 -3 3
100 1 1 2 -1 1
100 1 2 3 -6 3
100 1 1 2 -1 2
101 1 1 2 0 -5
101 1 2 3 0 -8
101 1 2 3 0 -7
101 1 1 2 0 -4
101 1 1 1 1 -3
101 1 2 2 1 -6
101 1 2 2 1 -5
101 1 1 1 1 -2
101 1 1 2 0 -3
101 1 2 3 0 -6
101 1 2 3 0 -5
101 1 1 2 0 -2
101 1 1 1 1 -1
101 1 2 2 1 -4
101 1 2 2 1 -3
101 1 1 1 1 0
101 1 1 2 0 -1
101 1 2 3 0 -4
101 1 1 1 1 1
101 1 2 2 1 -2
102 1 1 1 1 -3
102 1 2 2 1 -6
102 1 2 2 1 -5
102 1 1 1 1 -2
102 1 1 1 1 -1
102 1 2 2 1 -4
102 1 2 2 1 -3
102 1 1 1 1 0
102 1 1 1 1 1
102 1 2 2 1 -2
103 1 0 3 -6 6
103 1 0 2 -4 5
103 1 0 2 -3 4
103 1 0 2 -3 5
103 1 0 3 -4 4
103 1 0 2 -2 3
103 1 0 2 -1 2
103 1 0 2 -1 3
103 1 1 2 -4 4
103 1 1 2 -4 5
103 1 1 2 -3 4
103 1 1 1 -1 3
103 1 1 2 -2 2
103 1 1 2 -2 3
103 1 1 2 -1 2
103 1 1 1 1 1
103 1 0 2 -2 4
103 1 1 1 0 2
103 1 0 3 -5 5
103 1 1 2 -3 3
104 1 0 2 -3 4
104 1 0 2 -3 5
104 1 0 3 -4 4
104 1 0 2 -2 3
104 1 0 2 -1 2
104 1 0 2 -1 3
104 1 1 2 -3 4
104 1 1 1 -1 3
104 1 1 2 -2 2
104 1 1 2 -2 3
104 1 1 2 -1 2
104 1 1 1 1 1
104 1 0 2 -2 4
104 1 1 1 0 2
104 1 0 3 -5 5
104 1 1 2 -3 3
105 1 0 2 -4 5
105 1 0 2 -3 4
105 1 0 2 -3 5
105 1 0 2 -2 3
105 1 0 2 -1 2
105 1 0 2 -1 3
105 1 1 2 -4 5
105 1 1 2 -3 4
105 1 1 1 -1 3
105 1 1 2 -2 3
105 1 1 2 -1 2
105 1 1 1 1 1
105 1 0 2 -2 4
105 1 1 1 0 2
106 1 0 2 -3 4
106 1 0 2 -3 5
106 1 0 2 -2 3
106 1 0 2 -1 2
106 1 0 2 -1 3
106 1 1 2 -3 4
106 1 1 1 -1 3
106 1 1 2 -2 3
106 1 1 2 -1 2
106 1 1 1 1 1
106 1 0 2 -2 4
106 1 1 1 0 2
107 1 4 -4 4 0
107 1 3 -3 3 1
107 1 3 -3 4 0
107 1 2 -2 3 1
107 1 3 -2 3 0
107 1 2 -1 2 1
107 1 2 -1 3 0
107 1 1 0 2 1
107 1 4 -3 3 0
107 1 3 -2 2 1
107 1 3 -1 2 0
107 1 2 0 1 1
107 1 2 0 2 0
107 1 1 1 1 1
108 1 2 -1 2 1
108 1 1 0 2 1
108 1 3 -2 2 1
108 1 2 0 1 1
108 1 1 1 1 1
109 1 3 -3 4 0
109 1 2 -2 3 1
109 1 3 -2 3 0
109 1 2 -1 2 1
109 1 2 -1 3 0
109 1 1 0 2 1
109 1 3 -1 2 0
109 1 2 0 1 1
109 1 2 0 2 0
109 1 1 1 1 1
110 1 -3 1 1 1
110 1 -4 1 2 1
110 1 -5 2 1 2
110 1 -6 2 2 2
110 1 -3 1 1 2
110 1 -4 1 2 2
110 1 -4 2 1 1
110 1 -5 2 2 1
110 1 -2 1 1 1
110 1 -3 1 2 1
110 1 -4 2 1 2
110 1 -5 2 2 2
110 1 -2 1 1 2
110 1 -3 1 2 2
110 1 -3 2 1 1
110 1 -4 2 2 1
110 1 -1 1 1 1
110 1 -2 1 2 1
110 1 -3 2 1 2
110 1 -4 2 2 2
110 1 -1 1 1 2
110 1 -2 1 2 2
110 1 -2 2 1 1
110 1 -3 2 2 1
110 1 0 1 1 1
110 1 -1 1 2 1
110 1 -2 2 1 2
110 1 -3 2 2 2
110 1 0 1 1 2
110 1 -1 1 2 2
110 1 -1 2 1 1
110 1 -2 2 2 1
110 1 1 1 1 1
110 1 0 1 2 1
110 1 -1 2 1 2
110 1 -2 2 2 2
111 1 2 1 2 -7
111 1 3 1 4 -11
111 1 2 2 2 -9
111 1 3 2 4 -13
111 1 2 1 2 -6
111 1 3 1 4 -10
111 1 2 2 2 -8
111 1 3 2 4 -12
111 1 1 1 1 -3
111 1 2 1 3 -7
111 1 1 2 1 -5
111 1 2 2 3 -9
111 1 1 1 1 -2
111 1 2 1 3 -6
111 1 1 2 1 -4
111 1 2 2 3 -8
111 1 2 1 2 -5
111 1 3 1 4 -9
111 1 2 2 2 -7
111 1 3 2 4 -11
111 1 2 1 2 -4
111 1 3 1 4 -8
111 1 2 2 2 -6
111 1 3 2 4 -10
111 1 1 1 1 -1
111 1 2 1 3 -5
111 1 1 2 1 -3
111 1 2 2 3 -7
111 1 1 1 1 0
111 1 2 1 3 -4
111 1 1 2 1 -2
111 1 2 2 3 -6
111 1 2 1 2 -3
111 1 3 1 4 -7
111 1 2 2 2 -5
111 1 3 2 4 -9
111 1 1 1 1 1
111 1 2 1 3 -3
111 1 1 2 1 -1
111 1 2 2 3 -5
111 1 1 1 1 -4
111 1 2 1 3 -8
111 1 1 2 1 -6
111 1 2 2 3 -10
111 1 2 1 2 -2
111 1 3 1 4 -6
111 1 2 2 2 -4
111 1 3 2 4 -8
112 1 0 -3 3 6
112 1 0 -2 2 5
112 1 0 -2 3 4
112 1 0 -1 2 3
112 1 0 -1 2 4
112 1 0 0 1 3
112 1 1 -1 2 4
112 1 1 0 1 3
112 1 1 -2 3 4
112 1 1 -1 2 3
112 1 1 0 2 2
112 1 1 1 1 1
113 1 -3 3 3 -6
113 1 -2 2 2 -3
113 1 -2 2 3 -4
113 1 -1 2 2 -3
113 1 -2 3 2 -4
113 1 -1 2 1 -1
113 1 -1 2 2 -2
113 1 0 2 1 -1
113 1 -1 2 3 -4
113 1 0 1 2 -1
113 1 0 2 2 -2
113 1 1 1 1 1
114 1 0 2 -5 7
114 1 0 2 -5 8
114 1 0 2 -4 7
114 1 0 2 -3 5
114 1 0 2 -3 6
114 1 0 2 -2 5
114 1 0 2 -1 3
114 1 1 1 -3 5
114 1 1 1 -3 6
114 1 1 1 -2 5
114 1 1 1 -1 3
114 1 1 1 -1 4
114 1 1 1 0 3
114 1 1 1 1 1
114 1 0 2 -4 6
114 1 0 2 -2 4
114 1 1 1 -2 4
114 1 1 1 0 2
115 1 -2 5 -6 4
115 1 -2 5 -6 5
115 1 -1 3 -3 3
115 1 -1 3 -3 4
115 1 -1 4 -4 3
115 1 -1 4 -4 4
115 1 0 2 -1 2
115 1 0 2 -1 3
115 1 -1 5 -6 4
115 1 0 3 -3 3
115 1 0 4 -4 3
115 1 0 3 -2 2
115 1 1 2 -1 2
115 1 1 1 1 1
115 1 -1 4 -5 4
115 1 0 3 -2 3
115 1 -1 3 -2 3
115 1 0 3 -3 2
116 1 4 -4 3 2
116 1 6 -6 4 4
116 1 3 -3 3 1
116 1 5 -5 4 3
116 1 3 -3 3 2
116 1 5 -5 4 4
116 1 2 -2 3 1
116 1 4 -4 4 3
116 1 5 -4 3 4
116 1 3 -2 2 2
116 1 4 -3 3 3
116 1 2 -1 2 1
116 1 4 -3 3 4
116 1 2 -1 2 2
116 1 3 -2 3 3
116 1 1 0 2 1
116 1 6 -5 3 4
116 1 4 -3 2 2
116 1 5 -4 3 3
116 1 3 -2 2 1
116 1 3 -1 1 2
116 1 5 -3 2 4
116 1 2 0 1 1
116 1 4 -2 2 3
116 1 2 0 1 2
116 1 4 -2 2 4
116 1 1 1 1 1
116 1 3 -1 2 3
117 1 3 -3 3 1
117 1 5 -5 4 3
117 1 3 -3 3 2
117 1 5 -5 4 4
117 1 2 -2 3 1
117 1 4 -4 4 3
117 1 5 -4 3 4
117 1 3 -2 2 2
117 1 4 -3 3 3
117 1 2 -1 2 1
117 1 4 -3 3 4
117 1 2 -1 2 2
117 1 3 -2 3 3
117 1 1 0 2 1
117 1 5 -4 3 3
117 1 3 -2 2 1
117 1 3 -1 1 2
117 1 5 -3 2 4
117 1 2 0 1 1
117 1 4 -2 2 3
117 1 2 0 1 2
117 1 4 -2 2 4
117 1 1 1 1 1
117 1 3 -1 2 3
118 1 2 -4 8 -4
118 1 2 -3 5 -1
118 1 2 -3 6 -2
118 1 1 -2 5 -1
118 1 2 -2 5 -2
118 1 1 -1 4 -1
118 1 1 -1 5 -2
118 1 1 0 2 1
118 1 2 -3 7 -4
118 1 2 -2 4 -1
118 1 2 -1 4 -2
118 1 1 0 3 -1
118 1 1 0 4 -2
118 1 1 1 1 1
118 1 1 -2 6 -2
118 1 2 -1 3 -1
118 1 2 -3 6 -3
118 1 1 0 3 0
119 1 1 0 -3 7
119 1 1 0 -3 8
119 1 1 0 -2 7
119 1 1 0 -1 5
119 1 1 1 -2 4
119 1 1 1 -2 5
119 1 1 1 -1 4
119 1 1 1 0 2
119 1 1 0 -2 6
119 1 1 0 -1 6
119 1 1 0 0 4
119 1 1 1 -1 3
119 1 1 1 0 3
119 1 1 1 1 1
120 1 6 -3 0 3
120 1 5 -2 0 2
120 1 4 -2 1 2
120 1 3 -1 1 1
120 1 4 -1 0 2
120 1 4 -1 0 3
120 1 2 0 1 1
120 1 2 0 1 2
120 1 5 -2 0 3
120 1 3 -1 1 2
120 1 3 0 0 2
120 1 1 1 1 1
121 1 6 -2 0 0
121 1 4 -2 1 1
121 1 5 -1 0 0
121 1 3 -1 1 1
121 1 4 -1 1 0
121 1 3 0 0 1
121 1 3 0 1 0
121 1 2 1 0 1
121 1 5 -2 1 0
121 1 4 -1 0 1
121 1 4 0 0 0
121 1 2 0 1 1
121 1 3 1 0 0
121 1 1 1 1 1
122 1 1 2 -5 5
122 1 2 3 -8 8
122 1 1 2 -5 6
122 1 2 3 -8 9
122 1 2 3 -7 8
122 1 1 2 -4 5
122 1 2 2 -5 7
122 1 1 1 -2 4
122 1 1 2 -3 3
122 1 2 3 -6 6
122 1 1 2 -3 4
122 1 2 3 -6 7
122 1 2 3 -5 6
122 1 1 2 -2 3
122 1 2 2 -3 5
122 1 1 1 0 2
122 1 2 3 -7 7
122 1 1 2 -4 4
122 1 1 1 -1 3
122 1 2 2 -4 6
122 1 2 3 -5 5
122 1 1 2 -2 2
122 1 1 2 -1 2
122 1 2 3 -4 5
122 1 1 1 1 1
122 1 2 2 -2 4
123 1 1 2 -5 6
123 1 2 3 -8 9
123 1 2 3 -7 8
123 1 1 2 -4 5
123 1 2 2 -5 7
123 1 1 1 -2 4
123 1 1 2 -3 4
123 1 2 3 -6 7
123 1 2 3 -5 6
123 1 1 2 -2 3
123 1 2 2 -3 5
123 1 1 1 0 2
123 1 1 1 -1 3
123 1 2 2 -4 6
123 1 1 2 -1 2
123 1 2 3 -4 5
123 1 1 1 1 1
123 1 2 2 -2 4
124 1 3 2 -3 -1
124 1 3 3 -3 -2
124 1 3 2 -2 -1
124 1 2 2 -1 -1
124 1 2 2 -2 0
124 1 2 3 -2 -1
124 1 2 2 -1 0
124 1 1 2 0 0
124 1 3 2 -2 -2
124 1 3 2 -1 -2
124 1 2 1 0 0
124 1 2 2 0 -1
124 1 1 1 1 1
125 1 0 -3 6 0
125 1 0 -3 6 1
125 1 0 -2 5 0
125 1 0 -2 5 1
125 1 0 -1 4 0
125 1 0 -1 4 1
125 1 0 0 3 0
125 1 0 0 3 1
125 1 1 -3 6 0
125 1 1 -2 4 1
125 1 1 -2 5 0
125 1 1 -1 3 1
125 1 1 -1 4 0
125 1 1 0 2 1
125 1 1 0 3 0
125 1 1 1 1 1
126 1 0 -2 5 0
126 1 0 -2 5 1
126 1 0 -1 4 0
126 1 0 -1 4 1
126 1 0 0 3 0
126 1 0 0 3 1
126 1 1 -2 5 0
126 1 1 -1 3 1
126 1 1 -1 4 0
126 1 1 0 2 1
126 1 1 0 3 0
126 1 1 1 1 1
127 1 0 -3 6 1
127 1 0 -2 5 1
127 1 0 -1 4 1
127 1 0 0 3 1
127 1 1 -2 4 1
127 1 1 -1 3 1
127 1 1 0 2 1
127 1 1 1 1 1
128 1 0 -2 5 1
128 1 0 -1 4 1
128 1 0 0 3 1
128 1 1 -1 3 1
128 1 1 0 2 1
128 1 1 1 1 1
129 1 0 5 -5 0
129 1 0 4 -4 1
129 1 0 4 -3 0
129 1 0 3 -2 1
129 1 0 3 -1 0
129 1 0 2 0 1
129 1 1 4 -4 0
129 1 1 3 -3 1
129 1 1 3 -2 0
129 1 1 2 -1 1
129 1 1 2 0 0
129 1 1 1 1 1
130 1 1 3 -3 1
130 1 1 2 -1 1
130 1 1 1 1 1
131 1 0 4 -3 0
131 1 0 3 -2 1
131 1 0 3 -1 0
131 1 0 2 0 1
131 1 1 3 -2 0
131 1 1 2 -1 1
131 1 1 2 0 0
131 1 1 1 1 1
132 1 6 -3 1 1
132 1 7 -4 2 1
132 1 5 -3 1 2
132 1 6 -4 2 2
132 1 4 -2 1 1
132 1 5 -3 2 1
132 1 6 -3 1 2
132 1 7 -4 2 2
132 1 5 -2 1 1
132 1 6 -3 2 1
132 1 4 -2 1 2
132 1 5 -3 2 2
132 1 3 -1 1 1
132 1 4 -2 2 1
132 1 5 -2 1 2
132 1 6 -3 2 2
132 1 4 -1 1 1
132 1 5 -2 2 1
132 1 3 -1 1 2
132 1 4 -2 2 2
132 1 2 0 1 1
132 1 3 -1 2 1
132 1 4 -1 1 2
132 1 5 -2 2 2
132 1 3 0 1 1
132 1 4 -1 2 1
132 1 2 0 1 2
132 1 3 -1 2 2
132 1 1 1 1 1
132 1 2 0 2 1
132 1 3 0 1 2
132 1 4 -1 2 2
133 1 1 1 -4 6
133 1 1 2 -6 8
133 1 2 1 -6 10
133 1 2 2 -8 12
133 1 3 1 -7 12
133 1 3 2 -9 14
133 1 2 1 -5 8
133 1 2 2 -7 10
133 1 3 1 -6 11
133 1 3 2 -8 13
133 1 2 1 -4 7
133 1 2 2 -6 9
133 1 1 1 -2 4
133 1 1 2 -4 6
133 1 2 1 -4 8
133 1 2 2 -6 10
133 1 3 1 -5 10
133 1 3 2 -7 12
133 1 2 1 -3 6
133 1 2 2 -5 8
133 1 3 1 -4 9
133 1 3 2 -6 11
133 1 2 1 -2 5
133 1 2 2 -4 7
133 1 1 1 0 2
133 1 1 2 -2 4
133 1 2 1 -2 6
133 1 2 2 -4 8
133 1 1 1 -3 5
133 1 1 2 -5 7
133 1 2 1 -5 9
133 1 2 2 -7 11
133 1 1 1 -1 3
133 1 1 2 -3 5
133 1 2 1 -3 7
133 1 2 2 -5 9
133 1 3 1 -3 8
133 1 3 2 -5 10
133 1 2 1 -1 4
133 1 2 2 -3 6
133 1 1 1 1 1
133 1 1 2 -1 3
133 1 2 1 -1 5
133 1 2 2 -3 7
134 1 0 -4 7 2
134 1 0 -3 6 1
134 1 0 -3 6 2
134 1 0 -2 5 1
134 1 0 -2 5 2
134 1 0 -1 4 1
134 1 0 -1 4 2
134 1 0 0 3 1
134 1 1 -3 5 2
134 1 1 -2 4 1
134 1 1 -2 4 2
134 1 1 -1 3 1
134 1 1 -1 3 2
134 1 1 0 2 1
134 1 1 0 2 2
134 1 1 1 1 1
135 1 -2 -2 8 -2
135 1 -2 -1 6 -1
135 1 -1 -1 5 -1
135 1 -1 -1 5 0
135 1 -1 -1 6 -1
135 1 -1 0 4 0
135 1 0 0 3 0
135 1 0 0 3 1
135 1 -1 -1 6 -2
135 1 0 -1 5 -1
135 1 0 0 4 -1
135 1 0 0 4 0
135 1 1 0 3 0
135 1 1 1 1 1
136 1 -3 3 -3 6
136 1 -2 2 -2 5
136 1 -2 3 -3 6
136 1 -1 2 -2 5
136 1 -2 3 -2 4
136 1 -1 2 -1 3
136 1 -1 3 -2 4
136 1 0 2 -1 3
136 1 -1 2 -1 4
136 1 0 1 0 3
136 1 0 2 0 2
136 1 1 1 1 1
136 1 0 2 -1 4
136 1 -2 3 -3 5
137 1 0 7 -9 4
137 1 0 5 -6 2
137 1 0 6 -7 3
137 1 0 4 -4 1
137 1 0 6 -7 4
137 1 0 4 -4 2
137 1 0 5 -5 3
137 1 0 3 -2 1
137 1 0 5 -5 4
137 1 0 3 -2 2
137 1 0 4 -3 3
137 1 0 2 0 1
137 1 1 4 -5 2
137 1 1 6 -8 4
137 1 1 3 -3 1
137 1 1 5 -6 3
137 1 1 3 -3 2
137 1 1 5 -6 4
137 1 1 2 -1 1
137 1 1 4 -4 3
137 1 1 2 -1 2
137 1 1 4 -4 4
137 1 1 1 1 1
137 1 1 3 -2 3
138 1 0 6 -7 3
138 1 0 4 -4 1
138 1 0 6 -7 4
138 1 0 4 -4 2
138 1 0 5 -5 3
138 1 0 3 -2 1
138 1 0 5 -5 4
138 1 0 3 -2 2
138 1 0 4 -3 3
138 1 0 2 0 1
138 1 1 3 -3 1
138 1 1 5 -6 3
138 1 1 3 -3 2
138 1 1 5 -6 4
138 1 1 2 -1 1
138 1 1 4 -4 3
138 1 1 2 -1 2
138 1 1 4 -4 4
138 1 1 1 1 1
138 1 1 3 -2 3
139 1 -2 5 -1 -4
139 1 -1 4 -2 -1
139 1 -1 4 -1 -2
139 1 -1 3 0 -1
139 1 -1 3 1 -2
139 1 0 2 0 1
139 1 -1 4 0 -4
139 1 0 3 -1 -1
139 1 0 3 0 -2
139 1 0 2 1 -1
139 1 0 2 2 -2
139 1 1 1 1 1
139 1 -1 4 -1 -3
139 1 0 2 1 0
140 1 2 -4 4 4
140 1 2 -3 3 3
140 1 1 -3 4 4
140 1 1 -2 3 3
140 1 1 -2 3 4
140 1 1 -1 2 3
140 1 1 -1 3 2
140 1 1 0 2 1
140 1 2 -3 3 4
140 1 2 -2 2 3
140 1 1 -1 2 4
140 1 1 0 1 3
140 1 1 0 2 2
140 1 1 1 1 1
141 1 1 -4 7 0
141 1 2 -6 10 0
141 1 1 -3 5 1
141 1 2 -5 8 1
141 1 2 -5 9 0
141 1 1 -3 6 0
141 1 2 -4 7 1
141 1 1 -2 4 1
141 1 1 -2 5 0
141 1 2 -4 8 0
141 1 1 -1 3 1
141 1 2 -3 6 1
141 1 2 -3 7 0
141 1 1 -1 4 0
141 1 2 -2 5 1
141 1 1 0 2 1
141 1 1 0 3 0
141 1 2 -2 6 0
141 1 1 1 1 1
141 1 2 -1 4 1
142 1 1 -3 5 1
142 1 2 -5 8 1
142 1 2 -4 7 1
142 1 1 -2 4 1
142 1 1 -1 3 1
142 1 2 -3 6 1
142 1 2 -2 5 1
142 1 1 0 2 1
142 1 1 1 1 1
142 1 2 -1 4 1
143 1 4 -1 4 -6
143 1 3 -1 3 -3
143 1 3 -1 4 -4
143 1 2 0 3 -3
143 1 3 0 3 -4
143 1 2 0 2 -1
143 1 2 0 3 -2
143 1 1 1 2 -1
143 1 4 -1 3 -4
143 1 3 0 2 -3
143 1 3 0 2 -2
143 1 2 1 1 -1
143 1 2 1 2 -2
143 1 1 1 1 1
144 1 3 3 -6 3
144 1 3 3 -6 4
144 1 2 2 -3 2
144 1 2 2 -3 3
144 1 2 3 -4 2
144 1 2 3 -4 3
144 1 1 2 -1 1
144 1 1 2 -1 2
144 1 3 2 -4 3
144 1 2 1 -1 2
144 1 2 2 -2 2
144 1 1 1 1 1
144 1 2 2 -2 3
144 1 2 3 -5 3
145 1 2 4 -5 0
145 1 2 3 -4 1
145 1 2 3 -3 0
145 1 2 2 -2 1
145 1 2 2 -1 0
145 1 2 1 0 1
145 1 3 3 -4 0
145 1 1 3 -3 1
145 1 3 2 -2 0
145 1 1 2 -1 1
145 1 3 1 0 0
145 1 1 1 1 1
146 1 0 0 5 -5
146 1 0 0 5 -4
146 1 0 0 4 -2
146 1 0 1 3 -3
146 1 0 1 3 -2
146 1 0 1 2 0
146 1 1 0 4 -4
146 1 1 0 4 -3
146 1 1 0 3 -1
146 1 1 1 2 -2
146 1 1 1 2 -1
146 1 1 1 1 1
147 1 1 0 4 -3
147 1 1 0 3 -1
147 1 1 1 2 -1
147 1 1 1 1 1
148 1 0 1 3 -3
148 1 0 1 3 -2
148 1 0 1 2 0
148 1 1 1 2 -2
148 1 1 1 2 -1
148 1 1 1 1 1
149 1 -4 4 0 0
149 1 -3 3 0 1
149 1 -3 3 1 0
149 1 -2 2 1 1
149 1 -2 3 0 0
149 1 -2 3 0 1
149 1 -1 2 1 0
149 1 -1 2 1 1
149 1 -1 3 0 0
149 1 0 2 0 1
149 1 0 2 1 0
149 1 1 1 1 1
150 1 -3 3 1 0
150 1 -2 2 1 1
150 1 -1 2 1 0
150 1 -1 2 1 1
150 1 0 2 1 0
150 1 1 1 1 1
151 1 -3 3 0 1
151 1 -2 2 1 1
151 1 -2 3 0 1
151 1 -1 2 1 1
151 1 0 2 0 1
151 1 1 1 1 1
152 1 -2 2 1 1
152 1 -1 2 1 1
152 1 1 1 1 1
153 1 3 -7 9 4
153 1 3 -8 11 4
153 1 2 -5 7 2
153 1 2 -6 9 2
153 1 1 -3 5 1
153 1 1 -4 7 1
153 1 2 -5 7 3
153 1 2 -6 9 3
153 1 3 -6 8 4
153 1 3 -7 10 4
153 1 2 -4 6 2
153 1 2 -5 8 2
153 1 1 -2 4 1
153 1 1 -3 6 1
153 1 2 -4 6 3
153 1 2 -5 8 3
153 1 3 -5 7 4
153 1 3 -6 9 4
153 1 2 -3 5 2
153 1 2 -4 7 2
153 1 1 -1 3 1
153 1 1 -2 5 1
153 1 2 -3 5 3
153 1 2 -4 7 3
153 1 3 -4 6 4
153 1 3 -5 8 4
153 1 2 -2 4 2
153 1 2 -3 6 2
153 1 1 0 2 1
153 1 1 -1 4 1
153 1 2 -2 4 3
153 1 2 -3 6 3
153 1 3 -3 5 4
153 1 3 -4 7 4
153 1 2 -1 3 2
153 1 2 -2 5 2
153 1 1 1 1 1
153 1 1 0 3 1
153 1 2 -1 3 3
153 1 2 -2 5 3
154 1 1 4 -5 1
154 1 1 5 -6 1
154 1 2 5 -7 2
154 1 2 6 -8 2
154 1 2 4 -5 1
154 1 2 5 -6 1
154 1 1 4 -5 2
154 1 1 5 -6 2
154 1 1 3 -3 1
154 1 1 4 -4 1
154 1 2 4 -5 2
154 1 2 5 -6 2
154 1 2 3 -3 1
154 1 2 4 -4 1
154 1 1 3 -3 2
154 1 1 4 -4 2
154 1 1 2 -1 1
154 1 1 3 -2 1
154 1 2 3 -3 2
154 1 2 4 -4 2
154 1 2 2 -1 1
154 1 2 3 -2 1
154 1 1 2 -1 2
154 1 1 3 -2 2
154 1 1 1 1 1
154 1 1 2 0 1
154 1 2 2 -1 2
154 1 2 3 -2 2
155 1 -2 -1 4 2
155 1 -2 -1 4 3
155 1 -2 -1 5 2
155 1 -1 -1 4 2
155 1 -1 0 3 1
155 1 -1 0 3 2
155 1 -1 0 4 1
155 1 0 0 3 1
155 1 -1 -1 4 3
155 1 0 0 2 2
155 1 0 0 3 2
155 1 0 1 2 1
155 1 1 1 1 1
156 1 0 -2 9 -5
156 1 0 -1 6 -4
156 1 0 -2 9 -4
156 1 0 -1 6 -3
156 1 0 -1 7 -3
156 1 0 0 4 -2
156 1 0 -1 7 -2
156 1 0 0 4 -1
156 1 0 0 5 -1
156 1 0 1 2 0
156 1 1 -1 5 -3
156 1 1 -2 8 -4
156 1 1 -1 5 -2
156 1 1 -2 8 -3
156 1 1 0 3 -1
156 1 1 -1 6 -2
156 1 1 0 3 0
156 1 1 -1 6 -1
156 1 1 1 1 1
156 1 1 0 4 0
157 1 0 -2 9 -4
157 1 0 -1 6 -3
157 1 0 -1 7 -3
157 1 0 0 4 -2
157 1 0 -1 7 -2
157 1 0 0 4 -1
157 1 0 0 5 -1
157 1 0 1 2 0
157 1 1 -1 5 -2
157 1 1 -2 8 -3
157 1 1 0 3 -1
157 1 1 -1 6 -2
157 1 1 0 3 0
157 1 1 -1 6 -1
157 1 1 1 1 1
157 1 1 0 4 0
158 1 -4 4 -1 2
158 1 -3 3 0 1
158 1 -3 3 0 2
158 1 -2 2 1 1
158 1 -3 4 -1 2
158 1 -2 3 0 1
158 1 -2 3 0 2
158 1 -1 2 1 1
158 1 -1 3 -1 2
158 1 0 2 0 1
158 1 0 2 0 2
158 1 1 1 1 1
159 1 -4 3 2 -1
159 1 -4 3 2 0
159 1 -3 3 1 0
159 1 -2 2 1 1
159 1 -3 3 2 -1
159 1 -2 2 2 0
159 1 -1 2 1 0
159 1 -1 2 1 1
159 1 -1 2 2 -1
159 1 -1 2 2 0
159 1 0 2 1 0
159 1 1 1 1 1
160 1 -1 2 3 -5
160 1 -1 2 3 -4
160 1 -1 2 2 -2
160 1 0 1 3 -3
160 1 -1 3 1 -2
160 1 0 1 2 0
160 1 0 2 2 -4
160 1 0 2 2 -3
160 1 0 2 1 -1
160 1 1 1 2 -2
160 1 0 3 0 -1
160 1 1 1 1 1
160 1 -1 3 2 -5
160 1 0 2 1 0
161 1 -2 5 -5 4
161 1 -1 4 -4 3
161 1 -2 4 -3 4
161 1 -1 3 -2 3
161 1 -1 3 -1 2
161 1 0 2 0 1
161 1 -1 4 -4 4
161 1 0 3 -3 3
161 1 -1 3 -2 4
161 1 0 2 -1 3
161 1 0 2 0 2
161 1 1 1 1 1
162 1 -4 7 -3 0
162 1 -3 5 -2 0
162 1 -3 6 -3 1
162 1 -2 4 -2 1
162 1 -2 4 -1 0
162 1 -3 6 -2 0
162 1 -1 3 -1 1
162 1 -2 5 -2 1
162 1 -2 5 -1 0
162 1 -1 3 0 0
162 1 -1 4 -1 1
162 1 0 2 0 1
162 1 0 2 1 0
162 1 -1 4 0 0
162 1 1 1 1 1
162 1 0 3 0 1
163 1 -3 6 -3 1
163 1 -2 4 -2 1
163 1 -1 3 -1 1
163 1 -2 5 -2 1
163 1 -1 4 -1 1
163 1 0 2 0 1
163 1 1 1 1 1
163 1 0 3 0 1
164 1 3 -4 8 -3
164 1 3 -3 6 -2
164 1 2 -2 5 -2
164 1 2 -2 5 -1
164 1 2 -2 6 -2
164 1 2 -1 4 -1
164 1 1 0 3 -1
164 1 1 0 3 0
164 1 3 -3 6 -1
164 1 2 -1 3 0
164 1 2 -1 4 0
164 1 1 1 1 1
165 1 2 -1 5 -5
165 1 2 -1 5 -4
165 1 2 -1 4 -2
165 1 2 0 3 -3
165 1 2 0 3 -2
165 1 2 0 2 0
165 1 1 0 4 -4
165 1 3 -1 4 -3
165 1 1 0 3 -1
165 1 1 1 2 -2
165 1 3 0 2 -1
165 1 1 1 1 1
166 1 4 -1 -2 6
166 1 3 -1 -1 5
166 1 3 0 -2 6
166 1 2 0 -1 5
166 1 3 0 -1 4
166 1 2 0 0 3
166 1 2 1 -1 4
166 1 1 1 0 3
166 1 4 0 -3 6
166 1 3 0 -2 5
166 1 3 1 -2 4
166 1 2 1 -1 3
166 1 2 1 0 2
166 1 1 1 1 1
166 1 2 0 0 4
166 1 3 0 -1 3
167 1 2 3 -1 -4
167 1 2 2 0 -3
167 1 2 2 1 -4
167 1 1 2 0 -1
167 1 1 2 1 -2
167 1 1 1 2 -1
167 1 3 2 0 -4
167 1 2 2 -1 -1
167 1 2 2 0 -2
167 1 2 1 1 -1
167 1 2 1 2 -2
167 1 1 1 1 1
168 1 0 0 0 6
168 1 0 0 1 4
168 1 0 1 0 4
168 1 0 1 1 2
168 1 1 0 0 5
168 1 1 0 1 3
168 1 1 1 0 3
168 1 1 1 1 1
169 1 1 0 1 3
169 1 1 1 1 1
170 1 0 1 0 4
170 1 0 1 1 2
170 1 1 1 0 3
170 1 1 1 1 1
171 1 4 0 0 0
171 1 4 0 0 1
171 1 3 0 1 0
171 1 3 0 1 1
171 1 3 1 0 0
171 1 2 1 0 1
171 1 2 1 1 0
171 1 1 1 1 1
172 1 3 0 1 0
172 1 3 0 1 1
172 1 2 1 1 0
172 1 1 1 1 1
173 1 4 0 0 1
173 1 3 0 1 1
173 1 2 1 0 1
173 1 1 1 1 1
174 1 3 0 1 1
174 1 1 1 1 1
175 1 -4 8 -6 4
175 1 -5 9 -6 4
175 1 -4 7 -4 2
175 1 -3 6 -4 2
175 1 -2 4 -2 1
175 1 -3 5 -2 1
175 1 -4 7 -4 3
175 1 -3 6 -4 3
175 1 -3 7 -5 4
175 1 -4 8 -5 4
175 1 -3 6 -3 2
175 1 -2 5 -3 2
175 1 -1 3 -1 1
175 1 -2 4 -1 1
175 1 -3 6 -3 3
175 1 -2 5 -3 3
175 1 -2 6 -4 4
175 1 -3 7 -4 4
175 1 -2 5 -2 2
175 1 -1 4 -2 2
175 1 0 2 0 1
175 1 -1 3 0 1
175 1 -2 5 -2 3
175 1 -1 4 -2 3
175 1 -1 5 -3 4
175 1 -2 6 -3 4
175 1 -1 4 -1 2
175 1 0 3 -1 2
175 1 1 1 1 1
175 1 0 2 1 1
175 1 -1 4 -1 3
175 1 0 3 -1 3
176 1 2 -2 7 -5
176 1 1 -2 8 -5
176 1 1 -2 7 -4
176 1 2 -2 8 -6
176 1 1 -1 5 -3
176 1 2 -2 8 -5
176 1 2 -2 7 -4
176 1 1 -1 6 -4
176 1 2 -1 5 -3
176 1 1 -1 6 -3
176 1 1 -1 5 -2
176 1 2 -1 6 -4
176 1 1 0 3 -1
176 1 2 -1 6 -3
176 1 2 -1 5 -2
176 1 1 0 4 -2
176 1 2 0 3 -1
176 1 1 0 4 -1
176 1 1 0 3 0
176 1 2 0 4 -2
176 1 1 1 1 1
176 1 2 0 4 -1
176 1 2 0 3 0
176 1 1 1 2 0
177 1 0 -1 2 5
177 1 0 -2 4 6
177 1 0 -1 3 5
177 1 0 0 1 4
177 1 0 0 2 3
177 1 0 -1 4 4
177 1 0 0 3 3
177 1 0 1 1 2
177 1 1 -2 4 5
177 1 1 -1 2 4
177 1 1 0 1 3
177 1 1 -1 3 4
177 1 1 -1 4 3
177 1 1 0 2 2
177 1 1 1 1 1
177 1 1 0 3 2
178 1 0 -1 3 5
178 1 0 0 1 4
178 1 0 0 2 3
178 1 0 -1 4 4
178 1 0 0 3 3
178 1 0 1 1 2
178 1 1 0 1 3
178 1 1 -1 3 4
178 1 1 -1 4 3
178 1 1 0 2 2
178 1 1 1 1 1
178 1 1 0 3 2
179 1 -2 0 5 -1
179 1 -2 0 5 0
179 1 -1 0 4 0
179 1 -1 1 3 -1
179 1 -1 1 3 0
179 1 0 1 2 0
179 1 -1 0 4 1
179 1 0 0 3 1
179 1 0 1 2 1
179 1 1 1 1 1
180 1 -1 2 -2 6
180 1 -1 2 -1 4
180 1 -1 3 -2 4
180 1 0 1 1 2
180 1 0 2 -2 5
180 1 0 2 -1 3
180 1 0 3 -2 3
180 1 1 1 1 1
180 1 0 1 -1 5
180 1 0 2 0 2
181 1 -4 3 1 1
181 1 -4 3 1 2
181 1 -3 2 2 1
181 1 -2 2 1 1
181 1 -2 2 1 2
181 1 -2 2 2 1
181 1 -1 2 1 1
181 1 -1 2 1 2
181 1 0 1 2 1
181 1 1 1 1 1
182 1 -2 2 3 -3
182 1 -3 3 4 -4
182 1 -2 2 3 -2
182 1 -3 3 4 -3
182 1 -1 1 3 -1
182 1 -2 2 4 -2
182 1 -2 3 3 -3
182 1 -1 2 2 -2
182 1 -2 3 3 -2
182 1 -1 2 2 -1
182 1 -1 2 3 -1
182 1 0 1 2 0
182 1 0 2 1 -1
182 1 -1 3 2 -2
182 1 0 2 1 0
182 1 -1 3 2 -1
182 1 1 1 1 1
182 1 0 2 2 0
183 1 -2 2 3 -2
183 1 -3 3 4 -3
183 1 -1 1 3 -1
183 1 -2 2 4 -2
183 1 -2 3 3 -2
183 1 -1 2 2 -1
183 1 -1 2 3 -1
183 1 0 1 2 0
183 1 0 2 1 0
183 1 -1 3 2 -1
183 1 1 1 1 1
183 1 0 2 2 0
184 1 -1 4 0 -3
184 1 -1 4 0 -2
184 1 -1 3 1 -2
184 1 0 2 1 -1
184 1 0 3 0 -1
184 1 0 2 1 0
184 1 0 3 0 0
184 1 1 1 1 1
185 1 2 -1 0 6
185 1 2 -1 1 4
185 1 2 0 0 4
185 1 2 0 1 2
185 1 3 -1 0 5
185 1 1 0 1 3
185 1 3 0 0 3
185 1 1 1 1 1
186 1 3 -3 3 3
186 1 3 -3 3 4
186 1 3 -3 4 3
186 1 2 -2 3 3
186 1 2 -1 2 2
186 1 2 -1 2 3
186 1 2 -1 3 2
186 1 1 0 2 2
186 1 3 -3 4 2
186 1 3 -2 3 2
186 1 2 -1 3 1
186 1 2 0 2 1
186 1 1 1 1 1
187 1 5 0 -1 2
187 1 4 0 0 1
187 1 4 0 0 2
187 1 3 0 1 1
187 1 3 1 -1 2
187 1 2 1 0 1
187 1 2 1 0 2
187 1 1 1 1 1
188 1 5 -1 2 -1
188 1 4 -1 2 0
188 1 3 0 1 0
188 1 3 0 1 1
188 1 3 0 2 -1
188 1 3 0 2 0
188 1 2 1 1 0
188 1 1 1 1 1
189 1 3 2 -5 6
189 1 2 2 -4 5
189 1 2 2 -3 4
189 1 1 2 -2 3
189 1 2 1 -1 4
189 1 1 1 0 3
189 1 3 2 -4 4
189 1 2 2 -3 3
189 1 3 1 -2 4
189 1 2 1 -1 3
189 1 2 1 0 2
189 1 1 1 1 1
190 1 4 1 -1 0
190 1 5 2 -2 0
190 1 3 1 -1 1
190 1 4 2 -2 1
190 1 4 2 -1 0
190 1 3 1 0 0
190 1 3 2 -1 1
190 1 2 1 0 1
190 1 2 1 1 0
190 1 3 2 0 0
190 1 1 1 1 1
190 1 2 2 0 1
191 1 3 1 -1 1
191 1 4 2 -2 1
191 1 3 2 -1 1
191 1 2 1 0 1
191 1 1 1 1 1
191 1 2 2 0 1
192 1 1 1 3 -5
192 1 2 2 1 -4
192 1 1 1 2 -2
192 1 1 2 1 -3
192 1 1 2 1 -2
192 1 1 2 0 0
192 1 2 1 2 -4
192 1 2 1 2 -3
192 1 2 1 1 -1
192 1 2 2 0 -1
192 1 1 1 1 1
193 1 -2 1 4 -2
193 1 -3 1 6 -2
193 1 -4 2 6 -2
193 1 -3 2 4 -2
193 1 -2 1 5 -2
193 1 -3 1 7 -2
193 1 -4 2 7 -2
193 1 -3 2 5 -2
193 1 -1 1 3 -1
193 1 -2 1 5 -1
193 1 -3 2 5 -1
193 1 -2 2 3 -1
193 1 -1 1 4 -1
193 1 -2 1 6 -1
193 1 -3 2 6 -1
193 1 -2 2 4 -1
193 1 0 1 2 0
193 1 -1 1 4 0
193 1 -2 2 4 0
193 1 -1 2 2 0
193 1 0 1 3 0
193 1 -1 1 5 0
193 1 -2 2 5 0
193 1 -1 2 3 0
193 1 1 1 1 1
193 1 0 1 3 1
193 1 -1 2 3 1
193 1 0 2 1 1
194 1 -1 3 1 -3
194 1 -1 4 2 -5
194 1 -1 4 1 -4
194 1 -1 3 2 -4
194 1 0 3 1 -3
194 1 -1 3 2 -3
194 1 -1 3 1 -2
194 1 0 3 2 -4
194 1 0 2 1 -1
194 1 0 3 2 -3
194 1 0 3 1 -2
194 1 0 2 2 -2
194 1 1 2 1 -1
194 1 0 2 2 -1
194 1 0 2 1 0
194 1 1 2 2 -2
194 1 1 1 1 1
194 1 1 2 2 -1
194 1 1 2 1 0
194 1 1 1 2 0
195 1 1 -1 1 5
195 1 2 -2 2 7
195 1 1 -1 1 6
195 1 2 -2 2 6
195 1 2 -1 1 5
195 1 1 -1 2 5
195 1 2 -1 1 6
195 1 1 -1 2 4
195 1 1 0 1 3
195 1 2 -1 2 5
195 1 1 0 1 4
195 1 2 -1 2 4
195 1 2 0 1 3
195 1 1 0 2 3
195 1 2 0 1 4
195 1 1 0 2 2
195 1 1 1 1 1
195 1 2 0 2 3
195 1 1 1 1 2
195 1 2 0 2 2
196 1 5 3 -5 4
196 1 6 3 -5 4
196 1 5 2 -3 2
196 1 4 2 -3 2
196 1 3 1 -1 1
196 1 4 1 -1 1
196 1 5 2 -3 3
196 1 4 2 -3 3
196 1 4 3 -4 4
196 1 5 3 -4 4
196 1 4 2 -2 2
196 1 3 2 -2 2
196 1 2 1 0 1
196 1 3 1 0 1
196 1 4 2 -2 3
196 1 3 2 -2 3
196 1 3 3 -3 4
196 1 4 3 -3 4
196 1 3 2 -1 2
196 1 2 2 -1 2
196 1 1 1 1 1
196 1 2 1 1 1
196 1 3 2 -1 3
196 1 2 2 -1 3
197 1 -2 0 4 2
197 1 -1 0 3 2
197 1 -1 1 2 2
197 1 0 1 1 2
197 1 -1 0 4 1
197 1 0 0 3 1
197 1 0 1 2 1
197 1 1 1 1 1
198 1 -3 3 0 5
198 1 -2 2 0 4
198 1 -1 1 1 3
198 1 -2 2 1 4
198 1 -1 2 0 3
198 1 -2 3 0 4
198 1 -1 2 1 3
198 1 0 1 1 2
198 1 -1 3 0 3
198 1 0 2 0 2
198 1 1 1 1 1
198 1 0 2 1 2
199 1 -1 1 1 3
199 1 -2 2 1 4
199 1 -1 2 1 3
199 1 0 1 1 2
199 1 1 1 1 1
199 1 0 2 1 2
200 1 -1 4 -3 3
200 1 -1 4 -3 4
200 1 0 3 -2 3
200 1 0 2 -1 3
200 1 0 3 -2 2
200 1 0 3 -1 2
200 1 0 2 0 2
200 1 0 3 -1 1
200 1 1 2 0 1
200 1 1 1 1 1
201 1 2 -2 5 -1
201 1 2 -2 5 0
201 1 1 -1 4 0
201 1 2 -1 3 1
201 1 2 -1 3 2
201 1 1 0 2 2
201 1 3 -2 4 0
201 1 3 -2 4 1
201 1 2 0 2 0
201 1 2 0 2 1
201 1 1 1 1 1
202 1 4 -1 1 1
202 1 4 -1 1 2
202 1 4 -1 2 1
202 1 3 0 1 1
202 1 3 0 1 2
202 1 2 0 2 1
202 1 1 1 1 1
203 1 4 0 3 -3
203 1 3 0 2 -2
203 1 4 0 3 -2
203 1 3 0 2 -1
203 1 3 0 3 -1
203 1 2 0 2 0
203 1 2 1 1 -1
203 1 3 1 2 -2
203 1 2 1 1 0
203 1 3 1 2 -1
203 1 1 1 1 1
203 1 2 1 2 0
204 1 4 0 3 -2
204 1 3 0 2 -1
204 1 3 0 3 -1
204 1 2 0 2 0
204 1 2 1 1 0
204 1 3 1 2 -1
204 1 1 1 1 1
204 1 2 1 2 0
205 1 2 2 -4 6
205 1 1 1 -1 4
205 1 1 2 -2 4
205 1 1 2 -1 2
205 1 2 1 -2 5
205 1 2 1 -1 3
205 1 2 2 -2 3
205 1 1 1 1 1
206 1 3 2 0 -2
206 1 2 2 0 -1
206 1 2 1 1 -1
206 1 2 1 1 0
206 1 2 2 0 0
206 1 1 1 1 1
207 1 -2 1 2 4
207 1 -3 1 4 4
207 1 -4 2 4 4
207 1 -3 2 2 4
207 1 -1 1 1 3
207 1 -2 1 3 3
207 1 -3 2 3 3
207 1 -2 2 1 3
207 1 -1 1 2 3
207 1 -2 1 4 3
207 1 -3 2 4 3
207 1 -2 2 2 3
207 1 0 1 1 2
207 1 -1 1 3 2
207 1 -2 2 3 2
207 1 -1 2 1 2
207 1 0 1 2 2
207 1 -1 1 4 2
207 1 -2 2 4 2
207 1 -1 2 2 2
207 1 1 1 1 1
207 1 0 1 3 1
207 1 -1 2 3 1
207 1 0 2 1 1
208 1 0 3 -3 5
208 1 -1 3 -2 5
208 1 0 3 -3 6
208 1 -1 3 -2 4
208 1 0 2 -1 3
208 1 0 3 -2 5
208 1 0 2 -1 4
208 1 0 3 -2 4
208 1 1 2 -1 3
208 1 0 2 0 3
208 1 1 2 -1 4
208 1 0 2 0 2
208 1 1 1 1 1
208 1 1 2 0 3
208 1 1 1 1 2
208 1 1 2 0 2
209 1 3 -1 3 -1
209 1 4 -2 5 -1
209 1 5 -2 5 -1
209 1 4 -1 3 -1
209 1 3 -1 4 -1
209 1 4 -2 6 -1
209 1 5 -2 6 -1
209 1 4 -1 4 -1
209 1 2 0 2 0
209 1 3 -1 4 0
209 1 4 -1 4 0
209 1 3 0 2 0
209 1 2 0 3 0
209 1 3 -1 5 0
209 1 4 -1 5 0
209 1 3 0 3 0
209 1 1 1 1 1
209 1 2 0 3 1
209 1 3 0 3 1
209 1 2 1 1 1
210 1 2 2 1 -3
210 1 3 1 2 -3
210 1 3 1 1 -2
210 1 2 2 2 -4
210 1 2 1 1 -1
210 1 2 2 2 -3
210 1 2 2 1 -2
210 1 2 1 2 -2
210 1 1 2 1 -1
210 1 2 1 2 -1
210 1 2 1 1 0
210 1 1 2 2 -2
210 1 1 1 1 1
210 1 1 2 2 -1
210 1 1 2 1 0
210 1 1 1 2 0
211 1 0 0 4 0
211 1 0 0 3 1
211 1 0 1 3 0
211 1 0 1 2 1
211 1 1 1 2 0
211 1 1 1 1 1
212 1 0 3 -1 1
212 1 0 3 -1 2
212 1 0 2 0 2
212 1 1 2 0 0
212 1 1 2 0 1
212 1 1 1 1 1
213 1 2 -2 4 2
213 1 1 -1 3 2
213 1 2 -1 4 0
213 1 1 0 3 0
213 1 3 -2 4 1
213 1 2 -1 3 1
213 1 2 0 2 1
213 1 1 1 1 1
214 1 3 0 0 3
214 1 4 0 0 4
214 1 3 0 1 3
214 1 2 0 1 2
214 1 3 1 0 3
214 1 2 1 0 2
214 1 1 1 1 1
214 1 2 1 1 2
215 1 3 0 1 3
215 1 2 0 1 2
215 1 1 1 1 1
215 1 2 1 1 2
216 1 2 2 -2 2
216 1 2 2 -2 3
216 1 2 2 -1 2
216 1 2 1 0 2
216 1 2 2 -1 1
216 1 1 2 0 1
216 1 1 1 1 1
217 1 0 0 3 1
217 1 0 0 4 1
217 1 0 0 3 2
217 1 0 0 4 2
217 1 1 0 3 1
217 1 0 1 2 1
217 1 1 0 3 2
217 1 0 1 2 2
217 1 1 1 1 1
217 1 1 1 2 1
217 1 1 1 1 2
217 1 1 1 2 2
218 1 3 -1 2 3
218 1 4 -2 4 3
218 1 5 -2 4 3
218 1 4 -1 2 3
218 1 2 0 1 2
218 1 3 -1 3 2
218 1 4 -1 3 2
218 1 3 0 1 2
218 1 2 0 2 2
218 1 3 -1 4 2
218 1 4 -1 4 2
218 1 3 0 2 2
218 1 1 1 1 1
218 1 2 0 3 1
218 1 3 0 3 1
218 1 2 1 1 1
219 1 2 1 -1 3
219 1 2 2 -2 5
219 1 2 1 -1 4
219 1 2 2 -2 4
219 1 1 2 -1 3
219 1 2 1 0 3
219 1 1 2 -1 4
219 1 2 1 0 2
219 1 1 1 1 1
219 1 1 2 0 3
219 1 1 1 1 2
219 1 1 2 0 2
220 1 1 2 0 0
220 1 1 3 0 0
220 1 2 2 0 0
220 1 2 3 0 0
220 1 1 2 1 0
220 1 1 3 1 0
220 1 2 2 1 0
220 1 2 3 1 0
220 1 1 1 1 1
220 1 1 2 1 1
220 1 2 1 1 1
220 1 2 2 1 1
221 1 0 3 0 0
221 1 0 2 1 0
221 1 1 2 0 1
221 1 1 1 1 1
222 1 0 1 3 0
222 1 0 1 2 1
222 1 1 1 2 0
222 1 1 1 1 1
223 1 2 0 3 0
223 1 2 0 2 1
223 1 1 1 2 0
223 1 1 1 1 1
224 1 0 2 1 1
224 1 0 1 2 1
224 1 0 2 1 2
224 1 0 1 2 2
224 1 1 1 1 1
224 1 1 1 2 1
224 1 1 1 1 2
224 1 1 1 2 2
225 1 1 0 3 1
225 1 2 0 2 1
225 1 1 0 3 2
225 1 2 0 2 2
225 1 1 1 1 1
225 1 1 1 2 1
225 1 1 1 1 2
225 1 1 1 2 2
226 1 1 2 0 2
226 1 1 3 0 2
226 1 2 2 0 2
226 1 2 3 0 2
226 1 1 1 1 1
226 1 1 2 1 1
226 1 2 1 1 1
226 1 2 2 1 1
227 1 1 3 1 0
227 1 1 2 1 0
227 1 2 3 1 0
227 1 2 2 1 0
227 1 1 1 1 1
227 1 1 2 1 1
227 1 2 1 1 1
227 1 2 2 1 1
228 1 1 1 1 1
228 1 1 1 1 2
228 1 1 1 2 1
228 1 1 1 2 2
228 1 1 2 1 1
228 1 1 2 1 2
228 1 1 2 2 1
228 1 1 2 2 2
228 1 2 1 1 1
228 1 2 1 1 2
228 1 2 1 2 1
228 1 2 1 2 2
228 1 2 2 1 1
228 1 2 2 1 2
228 1 2 2 2 1
228 1 2 2 2 2
