228 1 1 1 1 1 1 0 0 0 0
110 1 -3 1 1 1 1 0 0 0 0
0 1 0 0 0 0 1 0 0 0 0
228 1 1 1 1 2 2 0 0 0 1
228 1 1 1 1 1 2 0 0 0 1
195 1 1 -1 1 6 2 0 0 0 1
195 1 1 -1 1 5 2 0 0 0 1
45 1 -1 1 1 -2 1 0 0 0 0
190 1 4 1 -1 0 2 1 0 0 0
111 1 1 1 1 -4 2 1 0 0 -1
228 1 1 1 1 1 2 1 0 0 0
111 1 2 1 3 -8 2 1 0 0 -1
228 1 2 1 1 1 2 1 0 0 0
19 1 0 1 -1 0 1 0 0 0 0
210 1 3 1 1 -2 2 1 0 0 0
72 1 2 1 -1 -2 2 1 0 0 -1
171 1 4 0 0 0 2 1 0 0 0
134 1 0 -3 6 1 2 0 -1 2 0
217 1 0 0 3 1 2 0 0 1 0
217 1 0 0 4 1 2 0 0 1 0
228 1 1 1 2 1 2 0 0 1 0
228 1 1 1 1 1 2 0 0 1 0
228 1 1 1 1 1 1 1 0 0 0
171 1 4 0 0 0 1 1 0 0 0
168 1 0 0 0 6 1 0 0 0 1
195 1 1 -1 1 6 1 0 0 0 1
66 1 -2 1 -1 4 2 -1 0 0 2
228 1 1 1 1 1 1 0 0 0 1
228 1 1 2 1 1 2 0 1 0 0
228 1 1 1 1 1 2 0 1 0 0
196 1 4 1 -1 1 2 2 0 -1 2
228 1 2 1 1 1 2 1 0 0 2
196 1 3 1 -1 1 2 2 0 -1 2
228 1 1 1 1 1 2 1 0 0 2
173 1 4 0 0 1 1 1 0 0 0
219 1 2 1 -1 4 2 1 0 0 2
219 1 2 1 -1 3 2 1 0 0 2
228 1 1 1 1 1 2 1 0 1 0
228 1 2 1 2 1 2 1 0 1 0
178 1 0 0 1 4 2 0 0 0 3
224 1 0 2 1 2 2 0 1 0 1
178 1 0 -1 3 5 2 0 0 0 3
224 1 0 2 1 1 2 0 1 0 1
207 1 -2 1 3 3 2 -1 1 0 2
228 1 1 1 1 1 2 0 1 0 1
207 1 -3 2 3 3 2 -1 1 0 2
228 1 1 2 1 2 2 0 1 0 1
90 1 0 -2 7 -4 2 -1 -1 4 -2
135 1 -1 -1 5 -1 2 -1 -1 4 -1
179 1 -2 0 5 0 2 -1 0 3 -1
211 1 0 0 4 0 1 0 0 1 0
33 1 -1 0 3 -2 2 -1 0 2 -2
126 1 0 -2 5 0 1 0 -1 2 0
156 1 0 -2 9 -4 2 0 -1 4 -2
193 1 -3 1 7 -2 2 -1 0 3 -1
228 1 1 1 1 1 1 0 0 1 0
75 1 -2 0 3 0 1 -1 0 1 0
156 1 0 -1 6 -3 2 0 -1 4 -2
157 1 0 -2 9 -4 2 0 -1 4 -2
157 1 0 -1 6 -3 2 0 -1 4 -2
217 1 0 0 3 1 1 0 0 1 0
228 1 1 2 1 2 2 2 1 0 1
228 1 1 1 1 1 2 2 1 0 1
128 1 0 -2 5 1 2 0 -3 6 0
197 1 -1 0 3 2 2 -1 0 2 3
217 1 0 0 3 1 1 0 0 1 1
228 1 1 1 1 1 1 0 0 1 1
204 1 4 0 3 -2 2 3 0 2 -2
223 1 2 0 3 0 1 1 0 1 0
228 1 1 1 1 1 1 1 0 1 0
215 1 3 0 1 3 2 3 0 0 4
225 1 1 0 3 1 1 1 0 1 1
218 1 3 0 1 2 2 3 -1 2 3
228 1 1 1 1 1 1 1 0 1 1
228 1 1 1 1 1 1 1 1 1 1
228 1 2 2 1 2 3 1 1 1 1
0 1 0 0 0 1 1 0 0 0 0
0 1 0 0 1 0 1 0 0 0 0
0 1 0 0 1 1 1 0 0 0 0
0 1 0 1 0 0 1 0 0 0 0
0 1 0 1 0 1 1 0 0 0 0
0 1 0 1 1 0 1 0 0 0 0
0 1 0 1 1 1 1 0 0 0 0
0 1 1 0 0 0 1 0 0 0 0
0 1 1 0 0 1 1 0 0 0 0
0 1 1 0 1 0 1 0 0 0 0
0 1 1 0 1 1 1 0 0 0 0
0 1 1 1 0 0 1 0 0 0 0
0 1 1 1 0 1 1 0 0 0 0
0 1 1 1 1 0 1 0 0 0 0
0 1 1 1 1 1 1 0 0 0 0
1 1 0 1 0 0 1 0 0 0 0
1 1 0 1 0 1 1 0 0 0 0
1 1 0 1 1 0 1 0 0 0 0
1 1 0 1 1 1 1 0 0 0 0
1 1 1 1 0 0 1 0 0 0 0
1 1 1 1 0 1 1 0 0 0 0
1 1 1 1 1 0 1 0 0 0 0
1 1 1 1 1 1 1 0 0 0 0
2 1 1 0 1 0 1 0 0 0 0
2 1 1 0 1 1 1 0 0 0 0
2 1 1 1 1 0 1 0 0 0 0
2 1 1 1 1 1 1 0 0 0 0
3 1 0 0 0 1 1 0 0 0 0
3 1 0 0 1 1 1 0 0 0 0
3 1 0 1 0 1 1 0 0 0 0
3 1 0 1 1 1 1 0 0 0 0
3 1 1 0 0 1 1 0 0 0 0
3 1 1 0 1 1 1 0 0 0 0
3 1 1 1 0 1 1 0 0 0 0
3 1 1 1 1 1 1 0 0 0 0
4 1 0 0 1 0 1 0 0 0 0
4 1 0 0 1 1 1 0 0 0 0
4 1 0 1 1 0 1 0 0 0 0
4 1 0 1 1 1 1 0 0 0 0
4 1 1 0 1 0 1 0 0 0 0
4 1 1 0 1 1 1 0 0 0 0
4 1 1 1 1 0 1 0 0 0 0
4 1 1 1 1 1 1 0 0 0 0
5 1 0 1 0 1 1 0 0 0 0
5 1 0 1 1 1 1 0 0 0 0
5 1 1 1 0 1 1 0 0 0 0
5 1 1 1 1 1 1 0 0 0 0
6 1 0 1 1 0 1 0 0 0 0
6 1 0 1 1 1 1 0 0 0 0
6 1 1 1 1 0 1 0 0 0 0
6 1 1 1 1 1 1 0 0 0 0
7 1 1 0 0 0 1 0 0 0 0
7 1 1 0 0 1 1 0 0 0 0
7 1 1 0 1 0 1 0 0 0 0
7 1 1 0 1 1 1 0 0 0 0
7 1 1 1 0 0 1 0 0 0 0
7 1 1 1 0 1 1 0 0 0 0
7 1 1 1 1 0 1 0 0 0 0
7 1 1 1 1 1 1 0 0 0 0
8 1 1 0 1 1 1 0 0 0 0
8 1 1 1 1 1 1 0 0 0 0
9 1 1 0 0 1 1 0 0 0 0
9 1 1 0 1 1 1 0 0 0 0
9 1 1 1 0 1 1 0 0 0 0
9 1 1 1 1 1 1 0 0 0 0
10 1 0 0 1 1 1 0 0 0 0
10 1 0 1 1 1 1 0 0 0 0
10 1 1 0 1 1 1 0 0 0 0
10 1 1 1 1 1 1 0 0 0 0
11 1 0 1 1 1 1 0 0 0 0
11 1 1 1 1 1 1 0 0 0 0
12 1 0 0 0 1 2 0 0 -1 2
12 1 0 0 0 1 1 0 0 0 0
12 1 0 0 0 1 4 0 0 -1 2
12 1 0 0 1 1 2 0 0 -1 2
12 1 0 1 0 1 2 0 0 -1 2
12 1 0 1 0 1 1 0 0 0 0
12 1 0 1 0 1 4 0 0 -1 2
12 1 0 1 1 1 2 0 0 -1 2
12 1 1 0 0 1 2 0 0 -1 2
12 1 1 0 0 1 1 0 0 0 0
12 1 1 0 0 1 4 0 0 -1 2
12 1 1 0 1 1 2 0 0 -1 2
12 1 1 1 0 1 2 0 0 -1 2
12 1 1 1 0 1 1 0 0 0 0
12 1 1 1 0 1 4 0 0 -1 2
12 1 1 1 1 1 2 0 0 -1 2
13 1 0 1 0 1 2 0 0 -1 2
13 1 0 1 0 1 1 0 0 0 0
13 1 0 1 0 1 4 0 0 -1 2
13 1 0 1 1 1 2 0 0 -1 2
13 1 1 1 0 1 2 0 0 -1 2
13 1 1 1 0 1 1 0 0 0 0
13 1 1 1 0 1 4 0 0 -1 2
13 1 1 1 1 1 2 0 0 -1 2
14 1 1 0 0 1 2 0 0 -1 2
14 1 1 0 0 1 1 0 0 0 0
14 1 1 0 0 1 4 0 0 -1 2
14 1 1 0 1 1 2 0 0 -1 2
14 1 1 1 0 1 2 0 0 -1 2
14 1 1 1 0 1 1 0 0 0 0
14 1 1 1 0 1 4 0 0 -1 2
14 1 1 1 1 1 2 0 0 -1 2
15 1 0 0 1 0 2 0 -1 2 -1
15 1 0 0 1 0 1 0 0 0 0
15 1 0 0 1 0 4 0 -1 2 -1
15 1 0 0 1 1 2 0 -1 2 -1
15 1 0 1 1 0 2 0 -1 2 -1
15 1 0 1 1 1 2 0 -1 2 -1
15 1 1 0 1 0 2 0 -1 2 -1
15 1 1 0 1 0 1 0 0 0 0
15 1 1 0 1 0 4 0 -1 2 -1
15 1 1 0 1 1 2 0 -1 2 -1
15 1 1 1 1 0 2 0 -1 2 -1
15 1 1 1 1 1 2 0 -1 2 -1
16 1 0 0 1 0 2 0 -1 2 -1
16 1 0 0 1 0 1 0 0 0 0
16 1 0 0 1 0 4 0 -1 2 -1
16 1 0 0 1 1 2 0 -1 2 -1
16 1 0 1 1 0 2 0 -1 2 -1
16 1 0 1 1 1 2 0 -1 2 -1
16 1 1 0 1 0 2 0 -1 2 -1
16 1 1 0 1 0 1 0 0 0 0
16 1 1 0 1 0 4 0 -1 2 -1
16 1 1 0 1 1 2 0 -1 2 -1
16 1 1 1 1 0 2 0 -1 2 -1
16 1 1 1 1 1 2 0 -1 2 -1
17 1 1 0 1 0 2 0 -1 2 -1
17 1 1 0 1 0 1 0 0 0 0
17 1 1 0 1 0 4 0 -1 2 -1
17 1 1 0 1 1 2 0 -1 2 -1
17 1 1 1 1 0 2 0 -1 2 -1
17 1 1 1 1 1 2 0 -1 2 -1
18 1 0 1 0 0 2 -1 2 -2 0
18 1 0 1 0 0 1 0 0 0 0
18 1 0 1 0 0 4 -1 2 -2 0
18 1 0 1 0 1 2 -1 2 -2 0
18 1 0 1 0 1 1 0 0 0 0
18 1 0 1 0 1 4 -1 2 -2 0
18 1 0 1 1 0 2 -1 2 -2 0
18 1 0 1 1 1 2 -1 2 -2 0
18 1 1 1 0 0 2 -1 2 -2 0
18 1 1 1 0 1 2 -1 2 -2 0
18 1 1 1 1 0 2 -1 2 -2 0
18 1 1 1 1 1 2 -1 2 -2 0
18 1 0 1 -1 0 1 0 0 0 0
18 1 0 1 -1 1 1 0 0 0 0
19 1 0 1 0 0 2 -1 2 -2 0
19 1 0 1 0 0 1 0 0 0 0
19 1 0 1 0 0 4 -1 2 -2 0
19 1 0 1 0 1 2 -1 2 -2 0
19 1 0 1 0 1 1 0 0 0 0
19 1 0 1 0 1 4 -1 2 -2 0
19 1 0 1 1 0 2 -1 2 -2 0
19 1 0 1 1 1 2 -1 2 -2 0
19 1 1 1 0 0 2 -1 2 -2 0
19 1 1 1 0 1 2 -1 2 -2 0
19 1 1 1 1 0 2 -1 2 -2 0
19 1 1 1 1 1 2 -1 2 -2 0
19 1 0 1 -1 1 1 0 0 0 0
20 1 0 1 0 1 2 -1 2 -2 0
20 1 0 1 0 1 1 0 0 0 0
20 1 0 1 0 1 4 -1 2 -2 0
20 1 0 1 1 1 2 -1 2 -2 0
20 1 1 1 0 1 2 -1 2 -2 0
20 1 1 1 1 1 2 -1 2 -2 0
20 1 0 1 -1 1 1 0 0 0 0
21 1 0 1 0 1 2 -1 2 -2 0
21 1 0 1 0 1 1 0 0 0 0
21 1 0 1 0 1 4 -1 2 -2 0
21 1 0 1 1 1 2 -1 2 -2 0
21 1 1 1 0 1 2 -1 2 -2 0
21 1 1 1 1 1 2 -1 2 -2 0
21 1 0 1 -1 1 1 0 0 0 0
22 1 1 0 0 0 2 2 -1 0 0
22 1 1 0 0 0 1 0 0 0 0
22 1 1 0 0 0 4 2 -1 0 0
22 1 1 0 0 1 2 2 -1 0 0
22 1 1 0 0 1 1 0 0 0 0
22 1 1 0 0 1 4 2 -1 0 0
22 1 1 0 1 0 2 2 -1 0 0
22 1 1 0 1 0 1 0 0 0 0
22 1 1 0 1 0 4 2 -1 0 0
22 1 1 0 1 1 2 2 -1 0 0
22 1 1 0 1 1 1 0 0 0 0
22 1 1 0 1 1 4 2 -1 0 0
22 1 1 1 0 0 2 2 -1 0 0
22 1 1 1 0 1 2 2 -1 0 0
22 1 1 1 1 0 2 2 -1 0 0
22 1 1 1 1 1 2 2 -1 0 0
23 1 1 0 0 1 2 2 -1 0 0
23 1 1 0 0 1 1 0 0 0 0
23 1 1 0 0 1 4 2 -1 0 0
23 1 1 0 1 1 2 2 -1 0 0
23 1 1 0 1 1 1 0 0 0 0
23 1 1 0 1 1 4 2 -1 0 0
23 1 1 1 0 1 2 2 -1 0 0
23 1 1 1 1 1 2 2 -1 0 0
24 1 1 0 1 0 2 2 -1 0 0
24 1 1 0 1 0 1 0 0 0 0
24 1 1 0 1 0 4 2 -1 0 0
24 1 1 0 1 1 2 2 -1 0 0
24 1 1 0 1 1 1 0 0 0 0
24 1 1 0 1 1 4 2 -1 0 0
24 1 1 1 1 0 2 2 -1 0 0
24 1 1 1 1 1 2 2 -1 0 0
25 1 1 0 1 1 2 2 -1 0 0
25 1 1 0 1 1 1 0 0 0 0
25 1 1 0 1 1 4 2 -1 0 0
25 1 1 1 1 1 2 2 -1 0 0
26 1 0 1 0 1 2 -1 2 -3 2
26 1 0 1 0 1 4 -1 2 -2 0
26 1 0 1 0 1 2 -1 2 -2 0
26 1 0 1 0 1 2 0 0 -1 2
26 1 0 1 0 1 6 -1 2 -3 2
26 1 0 1 0 1 3 -1 2 -3 2
26 1 0 1 0 1 8 -3 6 -8 4
26 1 0 1 0 1 12 -1 2 -6 8
26 1 0 1 0 1 8 -3 6 -6 0
26 1 0 1 0 1 24 -5 10 -12 4
26 1 0 1 0 1 18 -4 8 -15 14
26 1 0 1 0 1 12 -5 10 -12 4
26 1 0 1 0 1 36 -11 22 -30 16
26 1 0 1 0 1 4 -2 4 -5 2
26 1 0 1 0 1 4 -1 2 -4 4
26 1 0 1 1 1 2 -1 2 -3 2
26 1 1 1 0 1 2 -1 2 -3 2
26 1 1 1 0 1 2 -1 2 -2 0
26 1 1 1 0 1 4 -2 4 -5 2
26 1 1 1 1 1 2 -1 2 -3 2
26 1 0 1 -1 1 2 0 0 -1 2
26 1 0 1 -1 1 6 -1 2 -3 2
26 1 0 1 -1 1 4 -1 2 -2 0
26 1 0 1 -1 1 1 0 0 0 0
26 1 0 1 -1 1 12 -1 2 -6 8
26 1 0 1 -1 1 24 -5 10 -12 4
26 1 0 1 -1 1 4 0 0 -1 2
26 1 0 1 -1 1 12 -1 2 -3 2
26 1 0 1 -1 1 8 -1 2 -2 0
26 1 0 1 -1 1 18 -1 2 -6 8
26 1 0 1 -1 1 36 -5 10 -12 4
27 1 1 0 0 1 2 2 -1 -1 2
27 1 1 0 0 1 2 2 -1 0 0
27 1 1 0 0 1 2 0 0 -1 2
27 1 1 0 0 1 6 2 -1 -1 2
27 1 1 0 0 1 4 2 -1 0 0
27 1 1 0 0 1 1 0 0 0 0
27 1 1 0 0 1 3 2 -1 -1 2
27 1 1 0 0 1 8 6 -3 -2 4
27 1 1 0 0 1 12 2 -1 -4 8
27 1 1 0 0 1 8 6 -3 0 0
27 1 1 0 0 1 24 10 -5 -2 4
27 1 1 0 0 1 4 0 0 -1 2
27 1 1 0 0 1 12 2 -1 -1 2
27 1 1 0 0 1 8 2 -1 0 0
27 1 1 0 0 1 18 8 -4 -7 14
27 1 1 0 0 1 12 10 -5 -2 4
27 1 1 0 0 1 36 22 -11 -8 16
27 1 1 0 0 1 18 2 -1 -4 8
27 1 1 0 0 1 36 10 -5 -2 4
27 1 1 0 0 1 4 4 -2 -1 2
27 1 1 0 0 1 4 2 -1 -2 4
27 1 1 0 1 1 2 2 -1 -1 2
27 1 1 0 1 1 2 0 0 -1 2
27 1 1 0 1 1 4 2 -1 -2 4
27 1 1 1 0 1 2 2 -1 -1 2
27 1 1 1 0 1 2 2 -1 0 0
27 1 1 1 0 1 4 4 -2 -1 2
27 1 1 1 1 1 2 2 -1 -1 2
28 1 1 0 1 0 2 2 -2 2 -1
28 1 1 0 1 0 2 2 -1 0 0
28 1 1 0 1 0 2 0 -1 2 -1
28 1 1 0 1 0 6 2 -2 2 -1
28 1 1 0 1 0 4 2 -1 0 0
28 1 1 0 1 0 1 0 0 0 0
28 1 1 0 1 0 3 2 -2 2 -1
28 1 1 0 1 0 8 6 -5 4 -2
28 1 1 0 1 0 12 2 -5 8 -4
28 1 1 0 1 0 8 6 -3 0 0
28 1 1 0 1 0 24 10 -7 4 -2
28 1 1 0 1 0 4 0 -1 2 -1
28 1 1 0 1 0 12 2 -2 2 -1
28 1 1 0 1 0 8 2 -1 0 0
28 1 1 0 1 0 18 8 -11 14 -7
28 1 1 0 1 0 12 10 -7 4 -2
28 1 1 0 1 0 36 22 -19 16 -8
28 1 1 0 1 0 18 2 -5 8 -4
28 1 1 0 1 0 36 10 -7 4 -2
28 1 1 0 1 0 4 4 -3 2 -1
28 1 1 0 1 0 4 2 -3 4 -2
28 1 1 0 1 1 2 2 -2 2 -1
28 1 1 0 1 1 2 0 -1 2 -1
28 1 1 0 1 1 4 2 -3 4 -2
28 1 1 1 1 0 2 2 -2 2 -1
28 1 1 1 1 1 2 2 -2 2 -1
28 1 1 -1 1 0 1 0 0 0 0
29 1 0 0 1 1 1 0 -1 1 1
29 1 0 0 1 1 2 0 -1 1 1
29 1 0 0 1 1 4 0 -3 3 3
29 1 0 0 1 1 4 0 -1 1 1
29 1 0 1 1 1 1 0 -1 1 1
29 1 1 0 1 1 1 0 -1 1 1
29 1 1 0 1 1 2 0 -1 1 1
29 1 1 0 1 1 4 0 -3 3 3
29 1 1 0 1 1 4 0 -1 1 1
29 1 1 1 1 1 1 0 -1 1 1
30 1 0 0 1 1 1 0 -1 1 1
30 1 0 0 1 1 2 0 -1 1 1
30 1 0 0 1 1 4 0 -3 3 3
30 1 0 0 1 1 4 0 -1 1 1
30 1 0 1 1 1 1 0 -1 1 1
30 1 1 0 1 1 1 0 -1 1 1
30 1 1 0 1 1 2 0 -1 1 1
30 1 1 0 1 1 4 0 -3 3 3
30 1 1 0 1 1 4 0 -1 1 1
30 1 1 1 1 1 1 0 -1 1 1
31 1 1 0 1 1 1 0 -1 1 1
31 1 1 0 1 1 2 0 -1 1 1
31 1 1 0 1 1 4 0 -3 3 3
31 1 1 0 1 1 4 0 -1 1 1
31 1 1 1 1 1 1 0 -1 1 1
32 1 -1 0 3 -2 2 -1 0 2 -2
32 1 -1 0 3 -2 4 -1 0 2 -2
32 1 -1 0 3 -1 2 -1 0 2 -2
32 1 0 0 2 -1 2 -1 0 2 -2
32 1 0 0 2 -1 4 -1 0 2 -2
32 1 0 0 3 -2 2 -1 0 2 -2
32 1 0 0 3 -1 2 -1 0 2 -2
32 1 0 0 2 0 2 -1 0 2 -2
33 1 -1 0 3 -2 4 -1 0 2 -2
33 1 -1 0 3 -1 2 -1 0 2 -2
33 1 0 0 2 -1 2 -1 0 2 -2
33 1 0 0 2 -1 4 -1 0 2 -2
33 1 0 0 3 -2 2 -1 0 2 -2
33 1 0 0 3 -1 2 -1 0 2 -2
33 1 0 0 2 0 2 -1 0 2 -2
34 1 -1 0 3 -2 2 -1 0 2 -2
34 1 -1 0 3 -2 4 -1 0 2 -2
34 1 -1 0 3 -1 2 -1 0 2 -2
34 1 0 0 2 -1 2 -1 0 2 -2
34 1 0 0 2 -1 4 -1 0 2 -2
34 1 0 0 3 -2 2 -1 0 2 -2
34 1 0 0 3 -1 2 -1 0 2 -2
34 1 0 0 2 0 2 -1 0 2 -2
35 1 -1 0 3 -2 2 -1 0 2 -2
35 1 -1 0 3 -2 4 -1 0 2 -2
35 1 -1 0 3 -1 2 -1 0 2 -2
35 1 0 0 2 -1 2 -1 0 2 -2
35 1 0 0 2 -1 4 -1 0 2 -2
35 1 0 0 3 -2 2 -1 0 2 -2
35 1 0 0 3 -1 2 -1 0 2 -2
35 1 0 0 2 0 2 -1 0 2 -2
37 1 0 1 1 0 2 -3 3 0 -3
37 1 0 1 1 0 1 -1 1 0 -1
37 1 0 1 1 0 4 -5 5 0 -5
37 1 0 1 1 0 4 -3 3 0 -3
37 1 0 1 1 1 2 -3 3 0 -3
37 1 1 1 1 0 2 -3 3 0 -3
37 1 1 1 1 1 2 -3 3 0 -3
39 1 1 1 -1 0 2 1 1 -2 0
39 1 1 1 -1 0 4 1 1 -2 0
39 1 1 1 -1 1 2 1 1 -2 0
39 1 1 1 -1 1 4 1 1 -2 0
39 1 1 1 0 0 1 1 1 -2 0
39 1 1 1 0 0 2 1 1 -2 0
39 1 1 1 0 0 4 3 3 -6 0
39 1 1 1 0 1 1 1 1 -2 0
39 1 1 1 0 1 2 1 1 -2 0
39 1 1 1 0 1 4 3 3 -6 0
39 1 1 1 1 0 1 1 1 -2 0
39 1 1 1 1 1 1 1 1 -2 0
40 1 1 1 -1 0 2 1 1 -2 0
40 1 1 1 -1 0 4 1 1 -2 0
40 1 1 1 -1 1 2 1 1 -2 0
40 1 1 1 -1 1 4 1 1 -2 0
40 1 1 1 0 0 1 1 1 -2 0
40 1 1 1 0 0 2 1 1 -2 0
40 1 1 1 0 0 4 3 3 -6 0
40 1 1 1 0 1 1 1 1 -2 0
40 1 1 1 0 1 2 1 1 -2 0
40 1 1 1 0 1 4 3 3 -6 0
40 1 1 1 1 0 1 1 1 -2 0
40 1 1 1 1 1 1 1 1 -2 0
41 1 1 1 -1 1 2 1 1 -2 0
41 1 1 1 -1 1 4 1 1 -2 0
41 1 1 1 0 1 1 1 1 -2 0
41 1 1 1 0 1 2 1 1 -2 0
41 1 1 1 0 1 4 3 3 -6 0
41 1 1 1 1 1 1 1 1 -2 0
42 1 1 1 -1 1 2 1 1 -2 0
42 1 1 1 -1 1 4 1 1 -2 0
42 1 1 1 0 1 1 1 1 -2 0
42 1 1 1 0 1 2 1 1 -2 0
42 1 1 1 0 1 4 3 3 -6 0
42 1 1 1 1 1 1 1 1 -2 0
43 1 -1 -1 4 -1 2 -1 -1 3 -1
43 1 -1 -1 4 -1 3 -1 -1 3 -1
43 1 -1 -1 4 -1 8 -3 -2 8 -4
43 1 -1 -1 4 -1 18 -4 -7 15 -1
43 1 -1 -1 4 -1 36 -11 -8 30 -14
43 1 -1 -1 4 -1 4 -1 -2 4 0
43 1 0 -1 4 -1 2 -1 -1 3 -1
44 1 -1 1 1 -1 2 -1 1 0 -1
44 1 -1 1 1 -1 1 0 0 0 0
44 1 -1 1 1 -1 4 -1 0 2 -2
44 1 -1 1 1 -1 4 -1 1 0 -1
44 1 -1 1 1 -1 6 -2 1 2 -3
44 1 -1 1 1 -1 2 -1 0 2 -2
44 1 -1 1 1 -1 4 -2 1 2 -3
44 1 -3 2 3 -4 4 -1 1 0 -1
44 1 -3 2 3 -4 2 -1 1 0 -1
44 1 -3 2 3 -4 6 -2 1 2 -3
44 1 -3 2 3 -4 4 -2 1 2 -3
44 1 -1 1 1 0 2 -1 0 2 -2
44 1 0 1 1 0 2 -3 2 2 -4
44 1 0 1 1 0 2 -1 0 2 -2
44 1 0 1 1 1 2 -3 2 2 -4
44 1 0 1 1 -1 2 -1 0 2 -2
44 1 0 1 1 -1 2 -1 1 0 -1
44 1 0 1 1 -1 4 -2 1 2 -3
44 1 -2 2 3 -4 2 -1 1 0 -1
44 1 -2 2 3 -4 4 -2 1 2 -3
44 1 1 1 1 0 2 -3 2 2 -4
44 1 1 1 1 1 2 -3 2 2 -4
44 1 -1 1 1 -2 1 0 0 0 0
45 1 -1 1 1 -1 2 -1 0 2 -2
45 1 -1 1 1 -1 2 -1 1 0 -1
45 1 -1 1 1 -1 1 0 0 0 0
45 1 -1 1 1 -1 4 -2 1 2 -3
45 1 -1 1 1 -1 4 -1 0 2 -2
45 1 -1 1 1 -1 4 -1 1 0 -1
45 1 -1 1 1 -1 6 -2 1 2 -3
45 1 -3 2 3 -4 2 -1 1 0 -1
45 1 -3 2 3 -4 4 -2 1 2 -3
45 1 -3 2 3 -4 4 -1 1 0 -1
45 1 -3 2 3 -4 6 -2 1 2 -3
45 1 -1 1 1 0 2 -1 0 2 -2
45 1 0 1 1 0 2 -3 2 2 -4
45 1 0 1 1 0 2 -1 0 2 -2
45 1 0 1 1 1 2 -3 2 2 -4
45 1 0 1 1 -1 2 -1 0 2 -2
45 1 0 1 1 -1 2 -1 1 0 -1
45 1 0 1 1 -1 4 -2 1 2 -3
45 1 -2 2 3 -4 2 -1 1 0 -1
45 1 -2 2 3 -4 4 -2 1 2 -3
45 1 1 1 1 0 2 -3 2 2 -4
45 1 1 1 1 1 2 -3 2 2 -4
47 1 1 -1 1 1 2 0 -1 1 1
47 1 1 -1 1 1 6 2 -3 2 2
47 1 1 -1 1 1 12 2 -6 5 5
47 1 1 -1 1 1 6 4 -3 1 1
47 1 1 -1 1 1 4 0 -1 1 1
47 1 1 -1 1 1 12 2 -3 2 2
47 1 1 -1 1 1 18 2 -6 5 5
47 1 1 -1 1 1 9 4 -3 1 1
47 1 1 0 1 1 2 2 -3 2 2
47 1 1 0 1 1 6 2 -3 2 2
47 1 1 0 1 1 1 0 -1 1 1
47 1 1 0 1 1 6 2 -5 4 4
47 1 1 0 1 1 4 2 -3 2 2
47 1 1 0 1 1 2 0 -1 1 1
47 1 1 0 1 1 6 4 -7 5 5
47 1 1 0 1 1 8 6 -9 6 6
47 1 1 0 1 1 12 2 -11 10 10
47 1 1 0 1 1 4 0 -3 3 3
47 1 1 0 1 1 8 6 -7 4 4
47 1 1 0 1 1 24 10 -19 14 14
47 1 1 0 1 1 12 2 -8 7 7
47 1 1 0 1 1 8 2 -5 4 4
47 1 1 0 1 1 24 10 -15 10 10
47 1 1 0 1 1 12 2 -6 5 5
47 1 1 0 1 1 8 6 -5 2 2
47 1 1 0 1 1 6 4 -3 1 1
47 1 1 0 1 1 9 4 -10 8 8
47 1 1 0 1 1 12 10 -13 8 8
47 1 1 0 1 1 36 22 -37 26 26
47 1 1 0 1 1 18 2 -14 13 13
47 1 1 0 1 1 36 10 -25 20 20
47 1 1 0 1 1 12 10 -9 4 4
47 1 1 0 1 1 36 10 -21 16 16
47 1 1 0 1 1 36 22 -21 10 10
47 1 1 0 1 1 4 2 -5 4 4
47 1 1 0 1 1 2 2 -2 1 1
47 1 1 0 1 1 4 4 -5 3 3
47 1 1 0 1 1 4 4 -3 1 1
47 1 1 1 1 1 2 2 -3 2 2
48 1 1 1 -2 1 4 1 1 -2 0
48 1 1 1 -2 1 8 1 1 -4 4
48 1 1 1 -2 1 8 1 1 -2 0
48 1 1 1 -2 1 12 1 1 -4 4
48 1 1 1 -1 1 4 1 1 -2 0
48 1 1 1 -1 1 6 4 4 -9 2
48 1 1 1 -1 1 4 3 3 -6 0
48 1 1 1 -1 1 2 1 1 -2 0
48 1 1 1 -1 1 6 2 2 -5 2
48 1 1 1 -1 1 24 17 17 -36 4
48 1 1 1 -1 1 12 7 7 -18 8
48 1 1 1 -1 1 12 7 7 -15 2
48 1 1 1 -1 1 8 5 5 -10 0
48 1 1 1 -1 1 4 2 2 -5 2
48 1 1 1 -1 1 12 5 5 -14 8
48 1 1 1 -1 1 12 5 5 -11 2
48 1 1 1 -1 1 8 3 3 -6 0
48 1 1 1 -1 1 6 1 1 -4 4
48 1 1 1 -1 1 24 7 7 -16 4
48 1 1 1 -1 1 8 1 1 -4 4
48 1 1 1 -1 1 36 23 23 -48 4
48 1 1 1 -1 1 9 5 5 -12 4
48 1 1 1 -1 1 9 4 4 -10 4
48 1 1 1 -1 1 18 5 5 -17 14
48 1 1 1 -1 1 36 13 13 -28 4
48 1 1 1 -1 1 36 7 7 -22 16
48 1 1 1 -1 1 2 1 1 -3 2
48 1 1 1 -1 1 4 1 1 -4 4
48 1 1 1 0 1 2 2 2 -5 2
48 1 1 1 0 1 4 3 3 -6 0
48 1 1 1 0 1 1 1 1 -2 0
48 1 1 1 0 1 2 1 1 -3 2
48 1 1 1 0 1 6 4 4 -9 2
48 1 1 1 0 1 6 5 5 -12 4
48 1 1 1 0 1 8 7 7 -16 4
48 1 1 1 0 1 8 7 7 -14 0
48 1 1 1 0 1 24 17 17 -36 4
48 1 1 1 0 1 12 7 7 -18 8
48 1 1 1 0 1 12 11 11 -24 4
48 1 1 1 0 1 36 29 29 -66 16
48 1 1 1 0 1 18 13 13 -33 14
48 1 1 1 0 1 4 4 4 -9 2
48 1 1 1 0 1 4 3 3 -8 4
48 1 1 1 1 1 2 2 2 -5 2
49 1 -1 0 0 3 2 -1 0 0 2
49 1 -1 0 0 3 4 -1 0 0 2
49 1 -1 0 0 4 2 -1 0 0 2
49 1 -1 0 0 4 4 -1 0 0 2
49 1 0 0 0 3 2 -1 0 0 2
50 1 -1 0 1 3 1 -1 0 0 2
50 1 -1 0 1 3 4 -3 0 0 6
50 1 0 0 1 3 1 -1 0 0 2
51 1 -1 0 0 3 2 -1 0 0 2
51 1 -1 0 0 3 4 -1 0 0 2
51 1 -1 0 0 4 2 -1 0 0 2
51 1 -1 0 0 4 4 -1 0 0 2
51 1 0 0 0 3 2 -1 0 0 2
52 1 -1 0 1 3 1 -1 0 0 2
52 1 -1 0 1 3 4 -3 0 0 6
52 1 0 0 1 3 1 -1 0 0 2
54 1 -1 2 -1 2 2 -3 3 -3 3
54 1 -1 2 -1 2 1 -1 1 -1 1
54 1 -1 2 -1 2 4 -5 5 -5 5
54 1 -1 2 -1 2 4 -3 3 -3 3
54 1 0 2 -1 2 2 -3 3 -3 3
56 1 2 -1 3 -2 1 1 -1 2 -2
56 1 2 -1 3 -2 4 3 -3 6 -6
56 1 2 -1 3 -1 1 1 -1 2 -2
57 1 1 0 2 -1 1 1 -1 2 -2
57 1 1 0 2 -1 4 3 -3 6 -6
57 1 2 -1 3 -2 1 1 -1 2 -2
57 1 2 -1 3 -2 4 3 -3 6 -6
57 1 2 -1 3 -1 1 1 -1 2 -2
57 1 1 0 2 0 1 1 -1 2 -2
58 1 2 -1 3 -2 1 1 -1 2 -2
58 1 2 -1 3 -2 4 3 -3 6 -6
58 1 2 -1 3 -1 1 1 -1 2 -2
59 1 1 0 2 -1 1 1 -1 2 -2
59 1 1 0 2 -1 4 3 -3 6 -6
59 1 2 -1 3 -2 1 1 -1 2 -2
59 1 2 -1 3 -2 4 3 -3 6 -6
59 1 2 -1 3 -1 1 1 -1 2 -2
59 1 1 0 2 0 1 1 -1 2 -2
61 1 2 0 1 -1 2 3 0 0 -3
61 1 2 0 1 -1 1 1 0 0 -1
61 1 2 0 1 -1 4 5 0 0 -5
61 1 2 0 1 -1 4 3 0 0 -3
61 1 2 0 1 0 2 3 0 0 -3
63 1 -1 0 1 2 2 -1 0 0 2
63 1 -1 0 1 2 8 -3 0 0 6
63 1 -1 0 1 2 12 -5 -2 4 8
63 1 -1 0 1 2 4 -2 -1 2 3
63 1 0 0 1 2 2 -2 -1 2 3
63 1 0 0 1 2 2 -1 0 0 2
63 1 0 0 1 2 4 -2 -1 2 3
64 1 0 0 3 -3 2 0 0 2 -3
64 1 0 0 3 -3 6 0 0 2 -3
64 1 0 0 3 -3 3 0 0 2 -3
64 1 0 0 3 -2 2 0 0 2 -3
64 1 0 0 3 -4 6 0 0 2 -3
64 1 0 0 3 -4 12 0 0 2 -3
65 1 -2 1 -1 4 2 -1 0 0 2
65 1 -2 1 -1 4 4 -1 0 0 2
65 1 -1 1 0 3 2 -3 2 -2 4
65 1 -1 1 -1 3 2 -1 0 0 2
65 1 -1 1 -1 3 4 -1 0 0 2
65 1 -1 1 -1 4 2 -1 0 0 2
65 1 0 1 0 3 2 -3 2 -2 4
66 1 -2 1 -1 4 4 -1 0 0 2
66 1 -1 1 0 3 2 -3 2 -2 4
66 1 -1 1 -1 3 2 -1 0 0 2
66 1 -1 1 -1 3 4 -1 0 0 2
66 1 -1 1 -1 4 2 -1 0 0 2
66 1 0 1 0 3 2 -3 2 -2 4
67 1 -2 2 0 0 4 -3 2 0 0
67 1 -2 2 0 0 8 -3 2 0 0
68 1 0 3 -4 2 6 -3 5 -6 4
68 1 0 3 -4 2 4 -1 3 -4 2
68 1 0 3 -4 2 24 -9 19 -24 14
68 1 0 3 -4 2 12 -6 8 -9 7
68 1 0 3 -4 2 8 -3 5 -6 4
68 1 0 3 -4 2 24 -5 15 -20 10
68 1 0 3 -4 2 8 1 5 -8 2
68 1 0 3 -4 2 36 -15 25 -30 20
68 1 0 3 -4 2 36 -11 21 -26 16
68 1 0 3 -4 2 36 1 21 -32 10
69 1 2 -3 5 -2 6 2 -3 5 -3
69 1 2 -3 5 -2 6 1 -3 4 0
69 1 2 -3 5 -2 24 7 -9 16 -12
69 1 2 -3 5 -2 36 7 -15 22 -6
69 1 2 -2 4 -1 2 2 -3 5 -3
69 1 2 -2 4 -1 6 5 -7 12 -8
69 1 2 -2 4 -1 8 7 -9 16 -12
69 1 2 -2 4 -1 36 29 -37 66 -50
69 1 2 -2 4 -1 18 13 -20 33 -19
69 1 2 -2 4 -1 4 3 -5 8 -4
70 1 4 -1 3 -4 2 3 -1 2 -4
70 1 4 -1 3 -4 2 2 -1 2 -3
70 1 4 -1 3 -4 4 5 -2 4 -7
70 1 4 -1 3 -4 4 3 -2 4 -5
70 1 4 -1 3 -3 2 3 -1 2 -4
71 1 4 -1 3 -5 4 3 0 0 -3
71 1 4 -1 3 -5 6 4 -1 2 -5
71 1 4 -1 3 -5 1 1 0 0 -1
71 1 4 -1 3 -5 4 3 -1 2 -4
71 1 2 0 1 -2 1 1 0 0 -1
71 1 2 0 1 -2 4 3 -1 2 -4
71 1 2 0 1 -2 4 3 0 0 -3
71 1 2 0 1 -2 6 4 -1 2 -5
71 1 2 0 1 -1 2 3 -1 2 -4
71 1 2 0 1 -1 1 1 0 0 -1
71 1 2 0 1 -1 2 3 0 0 -3
71 1 2 0 1 -1 2 2 -1 2 -3
71 1 2 0 1 -1 4 5 -2 4 -7
71 1 2 0 1 -1 4 5 -1 2 -6
71 1 2 0 1 -1 4 5 0 0 -5
71 1 2 0 1 -1 4 4 -1 2 -5
71 1 2 0 1 -1 4 3 -2 4 -5
71 1 2 0 1 -1 4 3 -1 2 -4
71 1 2 0 1 -1 6 8 -1 2 -9
71 1 2 0 1 -1 6 7 -2 4 -9
71 1 2 0 1 -1 6 5 -2 4 -7
71 1 2 0 1 -1 4 6 -1 2 -7
71 1 4 -1 3 -4 2 3 -1 2 -4
71 1 4 -1 3 -4 2 3 0 0 -3
71 1 4 -1 3 -4 4 5 0 0 -5
71 1 4 -1 3 -4 6 8 -1 2 -9
71 1 4 -1 3 -4 4 6 -1 2 -7
71 1 4 -1 3 -4 1 1 0 0 -1
71 1 4 -1 3 -4 4 5 -1 2 -6
71 1 4 -1 3 -4 4 3 -1 2 -4
71 1 4 -1 3 -3 2 3 -1 2 -4
71 1 2 0 1 0 2 3 -1 2 -4
72 1 2 1 -1 -2 4 1 0 0 -1
72 1 2 1 -1 -1 2 1 0 0 -1
73 1 -2 0 3 0 1 -1 0 1 0
73 1 -2 0 3 0 2 -1 0 1 0
73 1 -2 0 3 0 4 -3 0 3 0
73 1 -2 0 3 0 4 -1 0 1 0
73 1 -1 0 3 0 1 -1 0 1 0
74 1 0 1 1 1 2 -5 0 5 0
74 1 1 1 1 1 2 -5 0 5 0
75 1 -2 0 3 0 2 -1 0 1 0
75 1 -2 0 3 0 4 -3 0 3 0
75 1 -2 0 3 0 4 -1 0 1 0
75 1 -1 0 3 0 1 -1 0 1 0
76 1 0 2 0 -3 2 0 1 0 -2
76 1 0 2 0 -3 4 0 1 0 -2
76 1 0 2 0 -2 1 0 1 0 -2
76 1 0 2 0 -2 2 0 1 0 -2
76 1 0 2 0 -1 1 0 1 0 -2
77 1 0 2 0 -3 2 0 1 0 -2
77 1 0 2 0 -3 4 0 1 0 -2
77 1 0 2 0 -2 1 0 1 0 -2
77 1 0 2 0 -2 2 0 1 0 -2
77 1 0 2 0 -1 1 0 1 0 -2
78 1 0 2 1 -3 1 0 1 0 -2
78 1 0 2 1 -3 4 0 3 0 -6
78 1 0 2 1 -2 1 0 1 0 -2
79 1 0 2 1 -3 1 0 1 0 -2
79 1 0 2 1 -3 4 0 3 0 -6
79 1 0 2 1 -2 1 0 1 0 -2
80 1 2 -1 0 3 1 1 -1 0 2
80 1 2 -1 0 3 4 3 -3 0 6
81 1 2 -1 0 4 1 1 -1 0 2
81 1 2 -1 0 4 4 3 -3 0 6
81 1 2 -1 0 3 1 1 -1 0 2
81 1 2 -1 0 3 4 3 -3 0 6
83 1 2 -1 1 3 2 3 -3 0 6
83 1 2 -1 1 3 4 5 -5 0 10
85 1 3 0 -2 3 2 3 0 -3 3
85 1 3 0 -2 3 1 1 0 -1 1
85 1 3 0 -2 3 4 5 0 -5 5
85 1 3 0 -2 3 4 3 0 -3 3
87 1 0 0 -2 7 2 0 0 -1 3
87 1 0 0 -2 7 3 0 0 -1 3
88 1 -4 0 3 3 4 -1 0 1 0
88 1 -4 0 3 3 6 -2 0 1 2
88 1 -4 0 3 3 2 -1 0 1 0
88 1 -4 0 3 3 4 -2 0 1 2
88 1 -2 0 2 1 2 -1 0 1 0
88 1 -2 0 2 1 4 -1 0 1 0
88 1 -2 0 2 1 6 -2 0 1 2
88 1 -2 0 2 1 4 -2 0 1 2
88 1 -4 0 3 4 4 -2 0 1 2
88 1 -4 0 3 4 6 -4 0 3 2
88 1 -4 0 3 4 6 -2 0 1 2
88 1 -4 0 3 4 4 -3 0 2 2
88 1 -2 0 2 2 4 -2 0 1 2
88 1 -2 0 2 2 6 -4 0 3 2
88 1 -2 0 2 2 6 -2 0 1 2
88 1 -2 0 2 2 4 -3 0 2 2
88 1 -3 0 3 3 2 -3 0 2 2
88 1 -3 0 3 3 1 -1 0 1 0
88 1 -3 0 3 3 2 -1 0 1 0
88 1 -3 0 3 3 4 -2 0 1 2
88 1 -3 0 3 3 4 -3 0 2 2
88 1 -1 0 2 1 2 -3 0 2 2
88 1 -1 0 2 1 2 -1 0 1 0
88 1 -1 0 2 1 4 -2 0 1 2
88 1 -2 0 3 3 2 -3 0 2 2
88 1 0 0 2 1 2 -3 0 2 2
89 1 -4 0 3 3 2 -1 0 1 0
89 1 -4 0 3 3 4 -2 0 1 2
89 1 -4 0 3 3 4 -1 0 1 0
89 1 -4 0 3 3 6 -2 0 1 2
89 1 -2 0 2 1 2 -1 0 1 0
89 1 -2 0 2 1 4 -2 0 1 2
89 1 -2 0 2 1 4 -1 0 1 0
89 1 -2 0 2 1 6 -2 0 1 2
89 1 -4 0 3 4 4 -2 0 1 2
89 1 -4 0 3 4 6 -4 0 3 2
89 1 -4 0 3 4 6 -2 0 1 2
89 1 -4 0 3 4 4 -3 0 2 2
89 1 -2 0 2 2 4 -2 0 1 2
89 1 -2 0 2 2 6 -4 0 3 2
89 1 -2 0 2 2 6 -2 0 1 2
89 1 -2 0 2 2 4 -3 0 2 2
89 1 -3 0 3 3 2 -3 0 2 2
89 1 -3 0 3 3 1 -1 0 1 0
89 1 -3 0 3 3 2 -1 0 1 0
89 1 -3 0 3 3 4 -2 0 1 2
89 1 -3 0 3 3 4 -3 0 2 2
89 1 -1 0 2 1 2 -3 0 2 2
89 1 -1 0 2 1 2 -1 0 1 0
89 1 -1 0 2 1 4 -2 0 1 2
89 1 -2 0 3 3 2 -3 0 2 2
89 1 0 0 2 1 2 -3 0 2 2
90 1 0 -2 7 -4 6 -3 -2 9 -4
90 1 0 -2 7 -4 8 -3 -3 12 -6
90 1 0 -2 7 -4 8 -1 -3 10 -6
90 1 0 -2 7 -4 12 -3 -5 18 -10
90 1 0 -2 7 -4 36 -15 -11 48 -22
90 1 0 -2 7 -4 12 1 -5 14 -10
90 1 0 -2 7 -4 2 0 -1 3 -2
90 1 0 -2 7 -4 4 -1 -2 7 -4
90 1 0 -2 7 -4 4 1 -2 5 -4
91 1 -3 2 0 2 6 -2 1 0 1
91 1 -3 2 0 2 18 -7 2 0 8
91 1 -3 2 0 2 36 -17 10 0 4
91 1 -3 2 0 2 3 -2 1 0 1
91 1 -3 2 0 2 12 -7 2 0 8
91 1 -3 2 0 2 24 -17 10 0 4
92 1 -3 2 1 0 8 -5 2 2 0
92 1 -3 2 1 0 12 -9 2 6 0
92 1 -3 2 1 0 12 -5 2 2 0
92 1 -3 2 1 0 8 -7 2 4 0
93 1 -2 5 -2 -3 12 -4 9 -4 -6
93 1 -2 5 -2 -3 18 -7 12 -7 -3
93 1 -2 5 -2 -3 2 -1 2 -1 -1
93 1 -2 5 -2 -3 4 -2 3 -2 0
94 1 0 2 1 -4 2 0 1 0 -2
94 1 0 2 1 -4 4 0 1 0 -2
94 1 0 2 1 -4 8 0 1 4 -8
94 1 0 2 1 -4 8 0 3 0 -6
94 1 0 2 1 -4 24 0 3 4 -12
94 1 0 2 1 -4 12 0 3 4 -12
94 1 0 2 1 -4 36 0 3 16 -30
94 1 0 2 1 -4 4 0 1 2 -5
94 1 0 2 1 -5 4 0 1 0 -2
94 1 0 2 1 -5 24 0 3 4 -12
94 1 0 2 1 -5 8 0 1 0 -2
94 1 0 2 1 -5 36 0 3 4 -12
95 1 2 -1 1 2 1 1 -1 0 2
95 1 2 -1 1 2 8 7 -7 0 14
95 1 2 -1 1 2 12 11 -13 4 20
95 1 2 -1 1 2 4 4 -5 2 7
95 1 2 -2 1 3 2 1 -1 0 2
95 1 2 -2 1 3 12 5 -6 2 9
95 1 2 -2 1 3 8 3 -3 0 6
95 1 2 -2 1 3 36 13 -15 4 24
96 1 5 -2 -2 7 2 3 -1 -2 4
96 1 5 -2 -2 7 2 2 -1 -1 3
96 1 5 -2 -2 7 4 5 -2 -3 7
96 1 5 -2 -2 7 4 3 -2 -1 5
97 1 3 -1 -1 4 2 3 -1 -2 4
97 1 3 -1 -1 4 2 2 -1 -1 3
97 1 3 -1 -1 4 4 5 -2 -3 7
97 1 3 -1 -1 4 4 5 -1 -4 6
97 1 3 -1 -1 4 4 4 -1 -3 5
97 1 3 -1 -1 4 4 3 -2 -1 5
97 1 3 -1 -1 4 6 7 -2 -5 9
97 1 3 -1 -1 4 6 5 -2 -3 7
97 1 5 -2 -2 7 2 3 -1 -2 4
97 1 5 -2 -2 7 4 5 -1 -4 6
99 1 1 0 3 -4 12 3 0 2 -6
99 1 1 0 3 -4 18 3 0 8 -15
99 1 1 0 3 -4 4 1 0 2 -4
99 1 1 0 3 -3 2 2 0 2 -5
99 1 1 0 3 -2 2 2 0 2 -5
99 1 1 0 3 -5 12 3 0 2 -6
99 1 1 0 3 -5 18 3 0 2 -6
100 1 2 1 -3 3 1 1 0 -1 1
100 1 2 1 -3 3 12 9 2 -12 10
100 1 2 1 -3 3 4 3 0 -3 3
100 1 2 1 -3 3 18 12 2 -15 13
102 1 2 2 1 -5 4 2 3 0 -8
102 1 2 2 1 -5 4 1 3 0 -7
102 1 2 2 1 -5 6 3 4 0 -11
102 1 2 2 1 -5 6 1 4 0 -9
102 1 2 2 1 -4 4 2 3 0 -8
102 1 1 1 1 0 2 2 3 0 -8
102 1 1 1 1 1 2 2 3 0 -8
105 1 0 2 -3 4 1 0 1 -2 2
105 1 0 2 -3 4 4 0 3 -6 6
106 1 0 2 -3 4 1 0 1 -2 2
106 1 0 2 -3 4 4 0 3 -6 6
106 1 0 2 -2 3 2 0 3 -6 6
106 1 0 2 -2 3 4 0 5 -10 10
108 1 2 -1 2 1 2 5 -5 5 0
110 1 -2 1 1 1 1 -1 0 1 0
110 1 -2 1 1 1 2 -2 1 0 1
110 1 -2 1 1 1 2 -1 0 0 2
110 1 -2 1 1 1 4 -3 1 0 3
110 1 -2 1 1 1 2 -1 0 1 0
110 1 -2 1 1 1 12 -10 5 0 5
110 1 -2 1 1 1 18 -16 5 6 5
110 1 -2 1 1 1 18 -13 5 0 11
110 1 -2 1 1 1 36 -29 16 0 10
110 1 -2 1 1 1 24 -19 5 6 11
110 1 -2 1 1 1 48 -41 16 12 10
110 1 -2 1 1 1 6 -5 1 2 3
110 1 -2 1 1 1 1 0 0 0 0
110 1 -2 1 1 1 4 -1 0 0 2
110 1 -2 1 1 1 6 -2 1 0 1
110 1 -2 1 1 1 8 -3 2 0 0
110 1 -2 1 1 1 4 -1 0 1 0
110 1 -2 1 1 1 18 -7 2 0 8
110 1 -2 1 1 1 36 -17 10 0 4
110 1 -2 1 1 1 6 -2 0 1 2
110 1 -2 1 1 1 18 -7 2 3 2
110 1 -2 1 1 1 12 -5 2 2 0
110 1 -2 1 1 1 24 -10 2 3 8
110 1 -2 1 1 1 48 -23 10 6 4
110 1 -2 1 1 1 3 -2 1 0 1
110 1 -2 1 1 1 4 -3 2 0 0
110 1 -2 1 1 1 6 -5 1 3 1
110 1 -2 1 1 1 8 -7 2 4 0
110 1 -2 1 1 1 8 -7 4 0 2
110 1 -2 1 1 1 12 -7 2 0 8
110 1 -2 1 1 1 24 -17 10 0 4
110 1 -2 1 1 1 4 -2 0 1 2
110 1 -2 1 1 1 12 -7 2 3 2
110 1 -2 1 1 1 8 -5 2 2 0
110 1 -2 1 1 1 12 -11 4 4 2
110 1 -2 1 1 1 18 -13 2 6 8
110 1 -2 1 1 1 36 -29 10 12 4
110 1 -2 1 1 1 18 -10 2 3 8
110 1 -2 1 1 1 36 -23 10 6 4
110 1 -2 1 1 1 4 -4 1 2 1
110 1 -2 1 1 1 4 -3 0 2 2
110 1 -3 1 2 1 4 -1 0 1 0
110 1 -3 1 2 1 6 -2 0 1 2
110 1 -3 1 2 1 18 -7 2 3 2
110 1 -3 1 2 1 12 -5 2 2 0
110 1 -3 1 2 1 24 -10 2 3 8
110 1 -3 1 2 1 48 -23 10 6 4
110 1 -3 1 2 1 2 -1 0 1 0
110 1 -3 1 2 1 4 -2 0 1 2
110 1 -3 1 2 1 12 -7 2 3 2
110 1 -3 1 2 1 8 -5 2 2 0
110 1 -3 1 2 1 18 -10 2 3 8
110 1 -3 1 2 1 36 -23 10 6 4
110 1 -4 2 1 2 2 -2 1 0 1
110 1 -4 2 1 2 4 -3 1 0 3
110 1 -4 2 1 2 3 -2 1 0 1
110 1 -4 2 1 2 6 -5 1 3 1
110 1 -4 2 1 2 12 -10 5 0 5
110 1 -4 2 1 2 12 -7 2 0 8
110 1 -4 2 1 2 24 -17 10 0 4
110 1 -4 2 1 2 12 -7 2 3 2
110 1 -4 2 1 2 6 -2 1 0 1
110 1 -4 2 1 2 18 -16 5 6 5
110 1 -4 2 1 2 18 -13 2 6 8
110 1 -4 2 1 2 36 -29 10 12 4
110 1 -4 2 1 2 18 -13 2 9 2
110 1 -4 2 1 2 18 -13 5 0 11
110 1 -4 2 1 2 36 -29 16 0 10
110 1 -4 2 1 2 18 -10 2 3 8
110 1 -4 2 1 2 36 -23 10 6 4
110 1 -4 2 1 2 18 -7 2 0 8
110 1 -4 2 1 2 36 -17 10 0 4
110 1 -4 2 1 2 18 -7 2 3 2
110 1 -4 2 1 2 24 -19 5 6 11
110 1 -4 2 1 2 48 -41 16 12 10
110 1 -4 2 1 2 24 -16 2 9 8
110 1 -4 2 1 2 48 -35 10 18 4
110 1 -4 2 1 2 24 -10 2 3 8
110 1 -4 2 1 2 48 -23 10 6 4
110 1 -4 2 1 2 6 -5 1 2 3
110 1 -4 2 1 2 8 -7 4 0 2
110 1 -4 2 1 2 12 -11 4 4 2
110 1 -4 2 1 2 4 -4 1 2 1
110 1 -5 2 2 2 12 -7 2 3 2
110 1 -5 2 2 2 18 -13 2 9 2
110 1 -5 2 2 2 18 -10 2 3 8
110 1 -5 2 2 2 36 -23 10 6 4
110 1 -5 2 2 2 18 -7 2 3 2
110 1 -5 2 2 2 24 -16 2 9 8
110 1 -5 2 2 2 48 -35 10 18 4
110 1 -5 2 2 2 24 -10 2 3 8
110 1 -5 2 2 2 48 -23 10 6 4
110 1 -5 2 2 2 6 -5 1 3 1
110 1 -5 2 2 2 18 -13 2 6 8
110 1 -5 2 2 2 36 -29 10 12 4
110 1 -1 1 1 1 2 -3 0 2 2
110 1 -1 1 1 1 1 -1 0 1 0
110 1 -1 1 1 1 2 -2 1 0 1
110 1 -1 1 1 1 4 -4 1 2 1
110 1 -3 2 1 2 2 -2 1 0 1
110 1 -3 2 1 2 4 -4 1 2 1
110 1 0 1 1 1 1 -3 1 1 1
110 1 1 1 1 1 1 -3 1 1 1
111 1 1 1 1 -3 6 0 0 2 -3
111 1 1 1 1 -3 2 1 1 0 -3
111 1 1 1 1 -3 2 0 1 0 -2
111 1 1 1 1 -3 2 1 0 0 -1
111 1 1 1 1 -3 4 0 1 0 -2
111 1 1 1 1 -3 8 0 1 4 -8
111 1 1 1 1 -3 3 0 0 2 -3
111 1 1 1 1 -3 8 0 3 0 -6
111 1 1 1 1 -3 8 2 1 0 -4
111 1 1 1 1 -3 12 3 0 2 -6
111 1 1 1 1 -3 24 0 3 4 -12
111 1 1 1 1 -3 12 0 3 4 -12
111 1 1 1 1 -3 12 2 1 4 -10
111 1 1 1 1 -3 18 3 0 8 -15
111 1 1 1 1 -3 36 0 3 16 -30
111 1 1 1 1 -3 12 2 3 0 -8
111 1 1 1 1 -3 36 6 3 4 -18
111 1 1 1 1 -3 16 2 3 4 -14
111 1 1 1 1 -3 48 6 3 16 -36
111 1 1 1 1 -3 4 1 0 2 -4
111 1 1 1 1 -3 4 1 1 0 -3
111 1 1 1 1 -3 6 1 1 2 -6
111 1 1 1 1 -3 4 0 1 2 -5
111 1 1 1 1 -3 2 0 0 2 -3
111 1 1 1 1 -3 4 1 1 2 -6
111 1 2 1 3 -7 2 1 0 0 -1
111 1 2 1 3 -7 8 2 1 0 -4
111 1 2 1 3 -7 12 3 0 2 -6
111 1 2 1 3 -7 12 2 1 4 -10
111 1 2 1 3 -7 18 3 0 8 -15
111 1 2 1 3 -7 12 2 3 0 -8
111 1 2 1 3 -7 36 6 3 4 -18
111 1 2 1 3 -7 16 2 3 4 -14
111 1 2 1 3 -7 48 6 3 16 -36
111 1 2 1 3 -7 4 1 0 2 -4
111 1 2 1 3 -7 4 1 1 0 -3
111 1 2 1 3 -7 6 1 1 2 -6
111 1 1 2 1 -5 2 0 1 0 -2
111 1 1 2 1 -5 4 0 1 0 -2
111 1 1 2 1 -5 8 0 1 4 -8
111 1 1 2 1 -5 8 0 3 0 -6
111 1 1 2 1 -5 8 2 1 0 -4
111 1 1 2 1 -5 24 0 3 4 -12
111 1 1 2 1 -5 12 0 3 4 -12
111 1 1 2 1 -5 12 2 1 4 -10
111 1 1 2 1 -5 36 0 3 16 -30
111 1 1 2 1 -5 12 2 3 0 -8
111 1 1 2 1 -5 36 6 3 4 -18
111 1 1 2 1 -5 16 2 3 4 -14
111 1 1 2 1 -5 48 6 3 16 -36
111 1 1 2 1 -5 4 1 1 0 -3
111 1 1 2 1 -5 6 1 1 2 -6
111 1 1 2 1 -5 4 0 1 2 -5
111 1 2 2 3 -9 8 2 1 0 -4
111 1 2 2 3 -9 12 2 1 4 -10
111 1 2 2 3 -9 12 2 3 0 -8
111 1 2 2 3 -9 36 6 3 4 -18
111 1 2 2 3 -9 16 2 3 4 -14
111 1 2 2 3 -9 48 6 3 16 -36
111 1 2 2 3 -9 4 1 1 0 -3
111 1 2 2 3 -9 6 1 1 2 -6
111 1 1 1 1 -2 2 2 0 2 -5
111 1 1 1 1 -2 2 1 1 0 -3
111 1 1 1 1 -2 6 2 4 2 -13
111 1 1 1 1 -2 2 2 1 0 -4
111 1 1 1 1 -2 4 4 1 2 -9
111 1 1 1 1 -2 1 0 1 0 -2
111 1 1 1 1 -2 3 2 1 2 -7
111 1 1 1 1 -2 12 2 10 2 -25
111 1 1 1 1 -2 2 0 0 2 -3
111 1 1 1 1 -2 4 3 1 2 -8
111 1 1 1 1 -2 4 1 1 2 -6
111 1 1 2 1 -4 2 2 1 0 -4
111 1 1 2 1 -4 4 4 1 2 -9
111 1 1 1 1 -1 2 2 0 2 -5
111 1 1 1 1 0 2 2 2 2 -9
111 1 1 1 1 1 2 2 2 2 -9
111 1 1 1 1 -4 4 0 1 0 -2
111 1 1 1 1 -4 6 0 0 2 -3
111 1 1 1 1 -4 1 0 0 0 0
111 1 1 1 1 -4 8 2 1 0 -4
111 1 1 1 1 -4 12 3 0 2 -6
111 1 1 1 1 -4 24 0 3 4 -12
111 1 1 1 1 -4 4 1 0 0 -1
111 1 1 1 1 -4 8 0 1 0 -2
111 1 1 1 1 -4 12 0 0 2 -3
111 1 1 1 1 -4 36 6 3 4 -18
111 1 1 1 1 -4 12 2 1 0 -4
111 1 1 1 1 -4 18 3 0 2 -6
111 1 1 1 1 -4 36 0 3 4 -12
111 1 1 1 1 -4 48 6 3 4 -18
111 1 2 1 3 -8 8 2 1 0 -4
111 1 2 1 3 -8 12 3 0 2 -6
111 1 2 1 3 -8 4 1 0 0 -1
111 1 2 1 3 -8 36 6 3 4 -18
111 1 2 1 3 -8 12 2 1 0 -4
111 1 2 1 3 -8 18 3 0 2 -6
111 1 2 1 3 -8 48 6 3 4 -18
111 1 1 2 1 -6 4 0 1 0 -2
111 1 1 2 1 -6 8 2 1 0 -4
111 1 1 2 1 -6 24 0 3 4 -12
111 1 1 2 1 -6 8 0 1 0 -2
111 1 1 2 1 -6 36 6 3 4 -18
111 1 1 2 1 -6 12 2 1 0 -4
111 1 1 2 1 -6 36 0 3 4 -12
111 1 1 2 1 -6 48 6 3 4 -18
111 1 2 2 3 -10 8 2 1 0 -4
111 1 2 2 3 -10 36 6 3 4 -18
111 1 2 2 3 -10 12 2 1 0 -4
111 1 2 2 3 -10 48 6 3 4 -18
114 1 0 2 -5 8 8 0 1 -4 8
114 1 0 2 -5 8 36 0 3 -14 30
115 1 -1 3 -3 3 2 -1 3 -4 3
115 1 -1 4 -5 4 4 -1 3 -4 3
115 1 -1 4 -5 4 9 -2 6 -8 6
117 1 5 -4 3 3 2 3 -3 3 0
117 1 5 -4 3 3 4 5 -5 5 0
117 1 5 -4 3 3 6 8 -8 7 2
117 1 5 -4 3 3 4 6 -6 5 2
117 1 3 -2 2 1 2 3 -3 3 0
117 1 3 -2 2 1 4 5 -5 5 0
117 1 3 -2 2 1 6 8 -8 7 2
117 1 3 -2 2 1 4 6 -6 5 2
118 1 2 -3 6 -2 9 6 -8 12 -4
118 1 2 -3 6 -2 4 3 -4 6 -2
119 1 1 0 -3 8 18 3 0 -7 15
119 1 1 0 -3 8 4 1 0 -2 4
119 1 1 0 -2 7 2 2 0 -3 5
123 1 2 3 -7 8 4 2 3 -8 8
123 1 2 3 -7 8 4 1 3 -7 7
123 1 2 3 -7 8 6 3 4 -11 11
123 1 2 3 -7 8 6 1 4 -9 9
123 1 1 2 -2 3 2 2 3 -8 8
125 1 0 -2 5 0 1 0 -1 2 0
126 1 0 -2 5 0 4 0 -3 6 0
128 1 0 -2 5 1 4 0 -5 10 0
132 1 4 -1 1 1 1 3 -2 1 1
133 1 3 1 -7 12 2 0 0 -1 3
133 1 3 1 -7 12 8 0 1 -4 8
133 1 3 1 -7 12 3 0 0 -1 3
133 1 3 1 -7 12 12 2 1 -6 10
133 1 3 1 -7 12 18 3 0 -7 15
133 1 3 1 -7 12 36 0 3 -14 30
133 1 3 1 -7 12 48 6 3 -20 36
133 1 3 1 -7 12 4 1 0 -2 4
133 1 3 2 -9 14 8 0 1 -4 8
133 1 3 2 -9 14 12 2 1 -6 10
133 1 3 2 -9 14 36 0 3 -14 30
133 1 3 2 -9 14 48 6 3 -20 36
133 1 2 1 -5 8 12 2 1 -6 10
133 1 2 1 -5 8 18 3 0 -7 15
133 1 2 1 -5 8 48 6 3 -20 36
133 1 2 1 -5 8 4 1 0 -2 4
133 1 2 2 -7 10 12 2 1 -6 10
133 1 2 2 -7 10 48 6 3 -20 36
133 1 3 1 -6 11 2 2 0 -3 5
133 1 3 1 -6 11 4 3 1 -6 8
133 1 3 1 -4 9 2 2 2 -7 9
134 1 0 -3 6 1 8 0 -3 6 0
134 1 0 -3 6 1 12 0 -5 8 4
134 1 0 -3 6 1 4 0 -2 3 2
135 1 -1 -1 5 -1 6 -1 -3 8 -1
135 1 -1 -1 5 -1 12 -1 -6 14 -1
135 1 -1 -1 5 -1 9 -2 -3 10 -2
135 1 -1 -1 5 -1 12 -4 -3 14 -4
135 1 -1 -1 5 -1 4 -2 -1 6 -2
137 1 0 6 -7 3 1 0 1 -1 0
137 1 0 6 -7 3 4 0 3 -4 2
138 1 0 6 -7 3 4 0 3 -3 0
138 1 0 6 -7 3 6 0 4 -5 2
138 1 0 6 -7 3 1 0 1 -1 0
138 1 0 6 -7 3 4 0 3 -4 2
138 1 0 4 -4 1 1 0 1 -1 0
138 1 0 4 -4 1 4 0 3 -4 2
138 1 0 4 -4 1 4 0 3 -3 0
138 1 0 4 -4 1 6 0 4 -5 2
142 1 1 -1 3 1 2 2 -5 8 0
147 1 1 0 4 -3 2 0 0 5 -5
153 1 1 -3 5 1 8 0 -3 6 0
153 1 1 -3 5 1 12 0 -5 8 4
153 1 1 -3 5 1 12 2 -5 8 0
153 1 1 -3 5 1 16 2 -7 10 4
153 1 1 -3 5 1 2 0 -1 2 0
153 1 1 -3 5 1 4 0 -2 3 2
153 1 1 -3 5 1 4 1 -2 3 0
153 1 1 -3 5 1 6 1 -3 4 2
153 1 1 -4 7 1 8 0 -3 6 0
153 1 1 -4 7 1 12 0 -5 8 4
153 1 1 -4 7 1 12 2 -5 8 0
153 1 1 -4 7 1 16 2 -7 10 4
153 1 1 -4 7 1 2 0 -1 2 0
153 1 1 -4 7 1 4 0 -2 3 2
153 1 1 -4 7 1 4 1 -2 3 0
153 1 1 -4 7 1 6 1 -3 4 2
153 1 2 -5 7 3 12 2 -5 8 0
153 1 2 -5 7 3 16 2 -7 10 4
153 1 2 -5 7 3 4 1 -2 3 0
153 1 2 -5 7 3 6 1 -3 4 2
153 1 2 -6 9 3 12 2 -5 8 0
153 1 2 -6 9 3 16 2 -7 10 4
153 1 2 -6 9 3 4 1 -2 3 0
153 1 2 -6 9 3 6 1 -3 4 2
153 1 1 -2 4 1 2 2 -3 4 0
153 1 1 -2 4 1 4 4 -6 7 2
153 1 1 -3 6 1 2 2 -3 4 0
153 1 1 -3 6 1 1 0 -1 2 0
153 1 1 -3 6 1 4 4 -6 7 2
153 1 1 -3 6 1 6 2 -7 11 2
153 1 1 -3 6 1 3 2 -4 5 2
153 1 1 -3 6 1 12 2 -13 23 2
153 1 1 -2 5 1 2 2 -5 7 2
154 1 1 3 -3 1 2 0 3 -4 2
156 1 0 -2 9 -4 2 0 -1 3 -1
156 1 0 -2 9 -4 4 0 -2 7 -3
156 1 0 -2 9 -4 4 0 -2 5 -1
157 1 0 -2 9 -4 4 0 -1 6 -4
157 1 0 -1 6 -3 2 0 -1 3 -1
157 1 0 -1 6 -3 4 0 -2 7 -3
157 1 0 -1 6 -3 4 0 -1 6 -4
157 1 0 -1 6 -3 4 0 -1 5 -3
157 1 0 -1 6 -3 4 0 -2 5 -1
157 1 0 -1 6 -3 6 0 -2 9 -5
157 1 0 -1 6 -3 6 0 -2 7 -3
159 1 -3 3 1 0 8 -7 7 0 0
159 1 -3 3 1 0 1 -1 1 0 0
159 1 -3 3 1 0 12 -11 9 4 -2
159 1 -3 3 1 0 4 -4 3 2 -1
159 1 -3 3 1 0 8 -5 5 0 0
159 1 -3 3 1 0 36 -23 21 4 -2
159 1 -3 3 1 0 4 -3 3 0 0
159 1 -3 3 1 0 8 -7 5 4 -2
159 1 -3 3 1 0 24 -17 15 4 -2
163 1 -2 5 -2 1 2 -3 5 -2 0
163 1 -2 5 -2 1 1 -1 2 -1 0
168 1 0 0 0 6 2 0 0 0 1
168 1 0 0 0 6 4 0 0 0 3
168 1 0 0 0 6 4 0 0 0 1
171 1 4 0 0 0 4 1 0 0 0
173 1 4 0 0 1 4 3 0 0 0
175 1 -4 7 -4 3 4 -2 3 -1 0
175 1 -4 7 -4 3 6 -3 4 -2 2
175 1 -4 7 -4 3 2 -1 2 -1 0
175 1 -4 7 -4 3 4 -2 3 -2 2
175 1 -3 6 -4 3 2 -1 2 -1 0
175 1 -3 6 -4 3 4 -2 3 -2 2
175 1 -3 6 -4 3 4 -2 3 -1 0
175 1 -3 6 -4 3 6 -3 4 -2 2
175 1 -3 6 -3 3 2 -3 5 -3 2
176 1 1 -1 5 -2 1 1 -1 3 -2
178 1 0 -1 3 5 1 0 0 0 2
178 1 0 -1 3 5 4 0 0 0 5
178 1 0 -1 3 5 6 0 -1 2 7
178 1 0 -1 3 5 4 0 -1 2 5
178 1 0 -1 3 5 4 0 -1 2 6
178 1 0 0 1 4 4 0 0 0 5
178 1 0 0 1 4 6 0 -1 2 7
178 1 0 0 1 4 4 0 -1 2 5
179 1 -2 0 5 0 2 -1 0 2 0
179 1 -2 0 5 0 4 -2 0 5 -1
179 1 -2 0 5 0 4 -2 0 3 1
190 1 4 1 -1 0 4 1 0 0 0
193 1 -3 1 7 -2 4 -2 1 4 -2
193 1 -4 2 7 -2 4 -2 1 4 -2
193 1 -4 2 7 -2 4 -2 1 3 -1
193 1 -4 2 7 -2 6 -3 1 6 -2
193 1 -4 2 7 -2 6 -3 1 4 0
195 1 1 -1 1 5 4 0 0 0 1
195 1 1 -1 1 6 4 0 0 0 1
196 1 3 1 -1 1 1 1 0 0 0
196 1 3 1 -1 1 6 5 0 -1 2
196 1 3 1 -1 1 6 5 2 -3 2
196 1 3 1 -1 1 12 11 2 -3 2
196 1 3 1 -1 1 4 3 1 -2 2
196 1 3 1 -1 1 24 19 3 -8 10
196 1 3 1 -1 1 12 8 3 -4 2
204 1 4 0 3 -2 1 1 0 1 -1
204 1 4 0 3 -2 4 3 0 4 -4
204 1 3 0 2 -1 4 3 0 1 -1
204 1 3 0 2 -1 6 4 0 3 -3
204 1 3 0 2 -1 6 4 0 1 -1
204 1 3 0 2 -1 4 3 0 2 -2
207 1 -2 1 3 3 4 -2 2 0 3
207 1 -2 1 3 3 6 -3 2 2 4
207 1 -2 1 3 3 4 -2 1 2 3
207 1 -3 2 3 3 4 -2 2 0 3
207 1 -3 2 3 3 6 -3 2 2 4
207 1 -3 2 3 3 4 -2 1 2 3
209 1 3 -1 4 -1 4 3 -2 4 0
209 1 4 -1 4 -1 2 3 -1 3 -1
209 1 4 -1 4 -1 4 3 -2 4 0
209 1 4 -1 4 -1 3 2 -1 3 -1
209 1 4 -1 4 -1 8 5 -3 8 -2
210 1 3 1 1 -2 4 1 0 0 0
211 1 0 0 4 0 3 0 0 1 0
211 1 0 0 4 0 6 0 0 1 0
212 1 0 3 -1 1 2 0 1 0 0
212 1 0 3 -1 1 4 0 1 0 0
212 1 0 3 -1 1 8 0 1 0 0
214 1 3 0 0 3 4 1 0 0 1
214 1 3 0 0 3 6 1 0 0 3
214 1 3 0 0 3 6 1 0 0 1
214 1 3 0 0 3 4 1 0 0 2
214 1 4 0 0 4 4 1 0 0 1
214 1 4 0 0 4 6 1 0 0 3
214 1 4 0 0 4 6 1 0 0 1
214 1 4 0 0 4 4 1 0 0 2
217 1 0 0 3 1 12 0 0 5 0
217 1 0 0 3 1 18 0 0 5 6
217 1 0 0 3 1 4 0 0 1 2
217 1 0 0 3 1 6 0 0 1 0
217 1 0 0 3 1 18 0 0 2 3
217 1 0 0 3 1 3 0 0 1 0
217 1 0 0 3 1 6 0 0 1 3
217 1 0 0 3 1 12 0 0 2 3
217 1 0 0 4 1 3 0 0 1 0
217 1 0 0 4 1 6 0 0 1 3
217 1 0 0 4 1 12 0 0 5 0
217 1 0 0 4 1 12 0 0 2 3
217 1 0 0 4 1 6 0 0 1 0
217 1 0 0 4 1 18 0 0 5 6
217 1 0 0 4 1 18 0 0 2 9
217 1 0 0 4 1 18 0 0 2 3
217 1 0 0 4 1 4 0 0 1 2
217 1 0 0 3 2 18 0 0 2 3
217 1 0 0 3 2 12 0 0 2 3
217 1 0 0 4 2 12 0 0 2 3
217 1 0 0 4 2 18 0 0 2 9
217 1 0 0 4 2 18 0 0 2 3
217 1 0 0 4 2 6 0 0 1 3
219 1 2 1 -1 3 2 1 0 0 1
219 1 2 1 -1 3 6 1 0 0 1
219 1 2 1 -1 3 4 1 0 0 1
219 1 2 1 -1 4 6 1 0 0 1
219 1 2 1 -1 4 4 1 0 0 1
219 1 2 1 -1 4 4 1 0 0 2
220 1 1 2 0 0 4 1 1 0 0
220 1 1 2 0 0 4 0 1 0 0
220 1 1 2 0 0 8 0 1 0 0
220 1 1 2 0 0 12 2 1 0 0
220 1 1 2 0 0 8 2 1 0 0
220 1 1 3 0 0 4 0 1 0 0
220 1 1 3 0 0 8 0 1 0 0
220 1 1 3 0 0 12 2 1 0 0
220 1 1 3 0 0 8 2 1 0 0
220 1 2 2 0 0 12 2 1 0 0
220 1 2 2 0 0 8 2 1 0 0
220 1 2 3 0 0 12 2 1 0 0
220 1 2 3 0 0 8 2 1 0 0
221 1 0 3 0 0 8 0 1 0 2
221 1 0 3 0 0 12 0 1 0 6
221 1 0 3 0 0 12 0 1 0 2
221 1 0 3 0 0 8 0 1 0 4
221 1 0 3 0 0 4 0 1 0 2
222 1 0 1 3 0 4 0 1 2 0
222 1 0 1 3 0 36 0 3 4 0
222 1 0 1 3 0 24 0 3 4 0
223 1 2 0 3 0 3 1 0 1 0
223 1 2 0 3 0 2 1 0 1 0
223 1 2 0 3 0 4 1 0 3 0
223 1 2 0 3 0 4 3 0 1 0
223 1 2 0 3 0 18 3 0 2 0
223 1 2 0 3 0 12 3 0 2 0
224 1 0 2 1 1 2 0 1 0 2
224 1 0 2 1 1 4 0 1 2 2
224 1 0 2 1 1 4 0 1 2 1
224 1 0 2 1 1 36 0 3 10 0
224 1 0 2 1 1 48 0 3 10 12
224 1 0 2 1 1 8 0 1 0 0
224 1 0 2 1 1 36 0 3 4 0
224 1 0 2 1 1 12 0 1 0 2
224 1 0 2 1 1 48 0 3 4 6
224 1 0 2 1 1 4 0 1 0 0
224 1 0 2 1 1 8 0 1 0 4
224 1 0 2 1 1 8 0 1 2 0
224 1 0 2 1 1 24 0 3 4 0
224 1 0 2 1 1 8 0 1 0 2
224 1 0 2 1 1 12 0 1 2 4
224 1 0 2 1 1 36 0 3 4 12
224 1 0 2 1 1 36 0 3 4 6
224 1 0 1 2 1 24 0 3 4 0
224 1 0 1 2 1 36 0 3 4 12
224 1 0 1 2 1 36 0 3 10 0
224 1 0 1 2 1 36 0 3 4 6
224 1 0 1 2 1 36 0 3 4 0
224 1 0 1 2 1 48 0 3 10 12
224 1 0 1 2 1 48 0 3 4 18
224 1 0 1 2 1 48 0 3 4 6
224 1 0 1 2 1 8 0 1 2 0
224 1 0 1 2 1 12 0 1 2 4
224 1 0 2 1 2 4 0 1 2 1
224 1 0 2 1 2 12 0 1 0 2
224 1 0 2 1 2 48 0 3 4 6
224 1 0 2 1 2 8 0 1 0 2
224 1 0 2 1 2 36 0 3 4 6
224 1 0 1 2 2 36 0 3 4 6
224 1 0 1 2 2 48 0 3 4 18
224 1 0 1 2 2 48 0 3 4 6
224 1 0 1 2 2 36 0 3 4 12
225 1 1 0 3 1 3 1 0 1 1
225 1 1 0 3 1 4 1 0 2 2
225 1 1 0 3 1 18 3 0 5 0
225 1 1 0 3 1 24 3 0 5 6
225 1 1 0 3 1 18 3 0 2 0
225 1 1 0 3 1 24 3 0 2 3
225 1 1 0 3 1 12 3 0 2 0
225 1 1 0 3 1 18 3 0 2 6
225 1 1 0 3 1 18 3 0 2 3
225 1 1 0 3 1 4 1 0 1 0
225 1 1 0 3 1 6 1 0 1 2
225 1 2 0 2 1 12 3 0 2 0
225 1 2 0 2 1 18 3 0 2 6
225 1 2 0 2 1 18 3 0 5 0
225 1 2 0 2 1 18 3 0 2 3
225 1 2 0 2 1 18 3 0 2 0
225 1 2 0 2 1 24 3 0 5 6
225 1 2 0 2 1 24 3 0 2 9
225 1 2 0 2 1 24 3 0 2 3
225 1 2 0 2 1 4 1 0 1 0
225 1 2 0 2 1 6 1 0 1 2
225 1 1 0 3 2 4 1 0 2 2
225 1 1 0 3 2 3 1 0 1 1
225 1 1 0 3 2 6 1 0 4 1
225 1 1 0 3 2 12 5 0 2 5
225 1 1 0 3 2 12 5 0 2 3
225 1 1 0 3 2 24 3 0 2 3
225 1 1 0 3 2 18 3 0 2 3
225 1 2 0 2 2 6 1 0 1 3
225 1 2 0 2 2 18 3 0 2 3
225 1 2 0 2 2 24 3 0 2 9
225 1 2 0 2 2 24 3 0 2 3
225 1 2 0 2 2 18 3 0 2 6
226 1 1 2 0 2 8 1 1 0 4
226 1 1 2 0 2 8 0 1 0 2
226 1 1 2 0 2 12 0 1 0 6
226 1 1 2 0 2 12 2 1 0 2
226 1 1 2 0 2 12 0 1 0 2
226 1 1 2 0 2 16 2 1 0 6
226 1 1 2 0 2 16 2 1 0 2
226 1 1 2 0 2 8 0 1 0 4
226 1 1 2 0 2 12 2 1 0 4
226 1 1 3 0 2 8 0 1 0 2
226 1 1 3 0 2 12 0 1 0 6
226 1 1 3 0 2 12 2 1 0 2
226 1 1 3 0 2 12 0 1 0 2
226 1 1 3 0 2 16 2 1 0 6
226 1 1 3 0 2 16 2 1 0 2
226 1 1 3 0 2 8 0 1 0 4
226 1 1 3 0 2 12 2 1 0 4
226 1 2 2 0 2 3 1 1 0 1
226 1 2 2 0 2 6 4 1 0 1
226 1 2 2 0 2 12 2 1 0 2
226 1 2 2 0 2 16 2 1 0 6
226 1 2 2 0 2 16 2 1 0 2
226 1 2 2 0 2 12 2 1 0 4
226 1 2 3 0 2 12 2 1 0 2
226 1 2 3 0 2 16 2 1 0 6
226 1 2 3 0 2 16 2 1 0 2
226 1 2 3 0 2 12 2 1 0 4
227 1 1 3 1 0 6 0 0 1 0
227 1 1 3 1 0 18 3 0 2 0
227 1 1 3 1 0 36 0 3 4 0
227 1 1 3 1 0 48 6 3 4 0
227 1 1 3 1 0 3 0 0 1 0
227 1 1 3 1 0 12 3 0 2 0
227 1 1 3 1 0 24 0 3 4 0
227 1 1 3 1 0 36 6 3 4 0
227 1 1 2 1 0 24 7 3 4 0
227 1 1 2 1 0 36 0 3 4 0
227 1 1 2 1 0 48 6 3 4 0
227 1 1 2 1 0 24 0 3 4 0
227 1 1 2 1 0 36 6 3 4 0
227 1 2 3 1 0 18 3 0 2 0
227 1 2 3 1 0 48 6 3 4 0
227 1 2 3 1 0 12 3 0 2 0
227 1 2 3 1 0 36 6 3 4 0
227 1 2 2 1 0 12 2 3 2 0
227 1 2 2 1 0 48 6 3 4 0
227 1 2 2 1 0 36 6 3 4 0
228 1 1 1 1 1 12 0 0 5 0
228 1 1 1 1 1 4 1 1 0 3
228 1 1 1 1 1 12 2 5 0 5
228 1 1 1 1 1 8 1 3 0 4
228 1 1 1 1 1 4 4 1 2 1
228 1 1 1 1 1 2 1 1 0 2
228 1 1 1 1 1 4 3 1 2 2
228 1 1 1 1 1 4 1 1 2 4
228 1 1 1 1 1 6 1 1 2 3
228 1 1 1 1 1 18 2 5 6 5
228 1 1 1 1 1 12 1 3 4 4
228 1 1 1 1 1 4 0 1 2 1
228 1 1 1 1 1 4 1 0 2 2
228 1 1 1 1 1 6 4 1 0 1
228 1 1 1 1 1 4 3 0 1 0
228 1 1 1 1 1 18 11 2 3 2
228 1 1 1 1 1 3 1 1 0 1
228 1 1 1 1 1 6 1 1 3 1
228 1 1 1 1 1 12 5 2 3 2
228 1 1 1 1 1 18 0 0 5 6
228 1 1 1 1 1 18 3 0 5 0
228 1 1 1 1 1 36 0 3 10 0
228 1 1 1 1 1 24 3 0 5 6
228 1 1 1 1 1 48 0 3 10 12
228 1 1 1 1 1 48 6 3 10 0
228 1 1 1 1 1 60 6 3 10 12
228 1 1 1 1 1 4 1 0 0 0
228 1 1 1 1 1 8 0 1 0 0
228 1 1 1 1 1 6 0 0 1 0
228 1 1 1 1 1 4 0 0 0 1
228 1 1 1 1 1 12 2 1 0 0
228 1 1 1 1 1 18 3 0 2 0
228 1 1 1 1 1 36 0 3 4 0
228 1 1 1 1 1 6 1 0 0 1
228 1 1 1 1 1 12 0 1 0 2
228 1 1 1 1 1 18 0 0 2 3
228 1 1 1 1 1 48 6 3 4 0
228 1 1 1 1 1 16 2 1 0 2
228 1 1 1 1 1 24 3 0 2 3
228 1 1 1 1 1 48 0 3 4 6
228 1 1 1 1 1 60 6 3 4 6
228 1 1 1 1 1 4 0 1 0 0
228 1 1 1 1 1 3 0 0 1 0
228 1 1 1 1 1 8 0 1 0 4
228 1 1 1 1 1 6 0 0 1 3
228 1 1 1 1 1 8 0 1 2 0
228 1 1 1 1 1 8 2 1 0 0
228 1 1 1 1 1 12 3 0 2 0
228 1 1 1 1 1 24 0 3 4 0
228 1 1 1 1 1 4 1 0 0 1
228 1 1 1 1 1 8 0 1 0 2
228 1 1 1 1 1 12 0 0 2 3
228 1 1 1 1 1 12 0 1 2 4
228 1 1 1 1 1 12 2 1 0 4
228 1 1 1 1 1 18 3 0 2 6
228 1 1 1 1 1 36 0 3 4 12
228 1 1 1 1 1 12 2 1 2 0
228 1 1 1 1 1 36 6 3 4 0
228 1 1 1 1 1 12 2 1 0 2
228 1 1 1 1 1 18 3 0 2 3
228 1 1 1 1 1 36 0 3 4 6
228 1 1 1 1 1 16 2 1 2 4
228 1 1 1 1 1 48 6 3 4 12
228 1 1 1 1 1 48 6 3 4 6
228 1 1 1 1 1 4 1 0 0 2
228 1 1 1 1 1 4 1 0 1 0
228 1 1 1 1 1 6 1 0 1 2
228 1 1 1 1 1 2 1 0 0 1
228 1 1 1 1 1 3 1 0 1 0
228 1 1 1 1 1 4 1 1 0 0
228 1 1 1 1 1 8 3 1 0 4
228 1 1 1 1 1 12 5 0 2 5
228 1 1 1 1 1 4 1 1 0 1
228 1 1 1 1 1 12 2 3 2 0
228 1 1 1 1 1 12 5 0 2 3
228 1 1 1 1 1 8 3 1 0 2
228 1 1 1 1 1 6 1 0 1 3
228 1 1 1 1 1 24 7 3 4 0
228 1 1 1 1 1 8 1 1 0 4
228 1 1 1 1 1 4 0 0 1 2
228 1 1 1 1 1 8 1 1 2 0
228 1 1 1 1 1 36 13 3 4 16
228 1 1 1 1 1 18 5 3 2 5
228 1 1 1 1 1 18 5 3 2 3
228 1 1 1 1 1 18 2 3 2 6
228 1 1 1 1 1 36 13 3 4 6
228 1 1 1 1 1 36 7 3 4 12
228 1 1 1 1 1 12 1 1 2 4
228 1 1 1 1 1 4 0 1 0 2
228 1 1 1 1 1 4 1 1 0 2
228 1 1 1 1 1 3 1 0 1 1
228 1 1 1 1 1 8 1 1 4 2
228 1 1 1 1 1 24 7 3 4 10
228 1 1 1 1 1 12 2 3 2 2
228 1 1 1 1 2 4 0 0 0 1
228 1 1 1 1 2 18 0 0 2 3
228 1 1 1 1 2 12 0 1 0 2
228 1 1 1 1 2 6 1 0 0 1
228 1 1 1 1 2 48 0 3 4 6
228 1 1 1 1 2 24 3 0 2 3
228 1 1 1 1 2 16 2 1 0 2
228 1 1 1 1 2 60 6 3 4 6
228 1 1 1 1 2 12 0 0 2 3
228 1 1 1 1 2 8 0 1 0 2
228 1 1 1 1 2 4 1 0 0 1
228 1 1 1 1 2 36 0 3 4 6
228 1 1 1 1 2 18 3 0 2 3
228 1 1 1 1 2 12 2 1 0 2
228 1 1 1 1 2 48 6 3 4 6
228 1 1 1 2 1 3 0 0 1 0
228 1 1 1 2 1 6 0 0 1 0
228 1 1 1 2 1 12 0 0 2 3
228 1 1 1 2 1 24 0 3 4 0
228 1 1 1 2 1 12 3 0 2 0
228 1 1 1 2 1 12 0 0 5 0
228 1 1 1 2 1 6 0 0 1 3
228 1 1 1 2 1 18 0 0 2 3
228 1 1 1 2 1 36 0 3 4 0
228 1 1 1 2 1 18 3 0 2 0
228 1 1 1 2 1 36 0 3 4 6
228 1 1 1 2 1 18 3 0 2 3
228 1 1 1 2 1 36 6 3 4 0
228 1 1 1 2 1 18 0 0 2 9
228 1 1 1 2 1 36 0 3 10 0
228 1 1 1 2 1 18 3 0 5 0
228 1 1 1 2 1 36 0 3 4 12
228 1 1 1 2 1 18 3 0 2 6
228 1 1 1 2 1 18 0 0 5 6
228 1 1 1 2 1 48 0 3 4 6
228 1 1 1 2 1 24 3 0 2 3
228 1 1 1 2 1 48 6 3 4 0
228 1 1 1 2 1 48 6 3 4 6
228 1 1 1 2 1 48 0 3 4 18
228 1 1 1 2 1 24 3 0 2 9
228 1 1 1 2 1 48 6 3 10 0
228 1 1 1 2 1 48 6 3 4 12
228 1 1 1 2 1 48 0 3 10 12
228 1 1 1 2 1 24 3 0 5 6
228 1 1 1 2 1 60 6 3 4 6
228 1 1 1 2 1 60 6 3 4 18
228 1 1 1 2 1 60 6 3 10 12
228 1 1 1 2 1 8 0 1 2 0
228 1 1 1 2 1 12 2 1 2 0
228 1 1 1 2 1 12 0 1 2 4
228 1 1 1 2 1 16 2 1 2 4
228 1 1 1 2 1 4 1 0 1 0
228 1 1 1 2 1 6 1 0 1 2
228 1 1 1 2 1 8 1 1 2 0
228 1 1 1 2 1 4 0 0 1 2
228 1 1 1 2 1 12 1 1 2 4
228 1 1 1 2 2 12 0 0 2 3
228 1 1 1 2 2 18 0 0 2 3
228 1 1 1 2 2 36 0 3 4 6
228 1 1 1 2 2 18 3 0 2 3
228 1 1 1 2 2 18 0 0 2 9
228 1 1 1 2 2 48 0 3 4 6
228 1 1 1 2 2 24 3 0 2 3
228 1 1 1 2 2 48 6 3 4 6
228 1 1 1 2 2 48 0 3 4 18
228 1 1 1 2 2 24 3 0 2 9
228 1 1 1 2 2 60 6 3 4 6
228 1 1 1 2 2 60 6 3 4 18
228 1 1 1 2 2 6 0 0 1 3
228 1 1 1 2 2 36 0 3 4 12
228 1 1 1 2 2 18 3 0 2 6
228 1 1 1 2 2 48 6 3 4 12
228 1 1 2 1 1 4 0 1 0 2
228 1 1 2 1 1 8 0 1 0 0
228 1 1 2 1 1 12 0 1 0 2
228 1 1 2 1 1 36 0 3 4 0
228 1 1 2 1 1 12 2 1 0 0
228 1 1 2 1 1 48 0 3 4 6
228 1 1 2 1 1 16 2 1 0 2
228 1 1 2 1 1 48 6 3 4 0
228 1 1 2 1 1 60 6 3 4 6
228 1 1 2 1 1 36 0 3 10 0
228 1 1 2 1 1 48 6 3 10 0
228 1 1 2 1 1 48 0 3 10 12
228 1 1 2 1 1 60 6 3 10 12
228 1 1 2 1 1 4 0 1 0 0
228 1 1 2 1 1 8 0 1 0 2
228 1 1 2 1 1 24 0 3 4 0
228 1 1 2 1 1 8 2 1 0 0
228 1 1 2 1 1 8 0 1 2 0
228 1 1 2 1 1 8 0 1 0 4
228 1 1 2 1 1 36 0 3 4 6
228 1 1 2 1 1 12 2 1 0 2
228 1 1 2 1 1 36 6 3 4 0
228 1 1 2 1 1 36 0 3 4 12
228 1 1 2 1 1 12 2 1 2 0
228 1 1 2 1 1 12 2 1 0 4
228 1 1 2 1 1 12 0 1 2 4
228 1 1 2 1 1 48 6 3 4 6
228 1 1 2 1 1 48 6 3 4 12
228 1 1 2 1 1 16 2 1 2 4
228 1 1 2 1 1 12 2 3 2 2
228 1 1 2 1 2 4 4 1 2 1
228 1 1 2 1 2 4 0 1 2 1
228 1 1 2 1 2 6 1 1 2 3
228 1 1 2 1 2 18 2 5 6 5
228 1 1 2 1 2 12 1 3 4 4
228 1 1 2 1 2 36 7 3 16 10
228 1 1 2 1 2 18 5 2 9 2
228 1 1 2 1 2 18 11 2 3 2
228 1 1 2 1 2 36 13 3 4 16
228 1 1 2 1 2 36 13 3 4 6
228 1 1 2 1 2 12 0 1 0 2
228 1 1 2 1 2 48 0 3 4 6
228 1 1 2 1 2 16 2 1 0 2
228 1 1 2 1 2 60 6 3 4 6
228 1 1 2 1 2 8 0 1 0 2
228 1 1 2 1 2 36 0 3 4 6
228 1 1 2 1 2 12 2 1 0 2
228 1 1 2 1 2 48 6 3 4 6
228 1 1 2 1 2 4 1 1 0 2
228 1 1 2 1 2 8 3 1 0 2
228 1 1 2 1 2 8 3 1 0 4
228 1 1 2 1 2 24 7 3 4 10
228 1 1 2 1 2 8 1 3 0 4
228 1 1 2 1 2 8 1 1 4 2
228 1 1 2 1 2 3 1 1 0 1
228 1 1 2 1 2 6 4 1 0 1
228 1 1 2 1 2 12 5 2 3 2
228 1 1 2 1 2 12 2 5 0 5
228 1 1 2 1 2 6 1 1 3 1
228 1 1 2 1 2 4 1 1 0 3
228 1 1 2 2 1 24 0 3 4 0
228 1 1 2 2 1 36 0 3 4 0
228 1 1 2 2 1 36 0 3 4 6
228 1 1 2 2 1 36 6 3 4 0
228 1 1 2 2 1 36 0 3 10 0
228 1 1 2 2 1 36 0 3 4 12
228 1 1 2 2 1 48 0 3 4 6
228 1 1 2 2 1 48 6 3 4 0
228 1 1 2 2 1 48 6 3 4 6
228 1 1 2 2 1 48 0 3 4 18
228 1 1 2 2 1 48 6 3 10 0
228 1 1 2 2 1 48 6 3 4 12
228 1 1 2 2 1 48 0 3 10 12
228 1 1 2 2 1 60 6 3 4 6
228 1 1 2 2 1 60 6 3 4 18
228 1 1 2 2 1 60 6 3 10 12
228 1 1 2 2 1 8 0 1 2 0
228 1 1 2 2 1 12 2 1 2 0
228 1 1 2 2 1 12 0 1 2 4
228 1 1 2 2 1 16 2 1 2 4
228 1 1 2 2 2 36 7 3 4 12
228 1 1 2 2 2 36 0 3 4 6
228 1 1 2 2 2 48 0 3 4 6
228 1 1 2 2 2 48 6 3 4 6
228 1 1 2 2 2 48 0 3 4 18
228 1 1 2 2 2 60 6 3 4 6
228 1 1 2 2 2 60 6 3 4 18
228 1 1 2 2 2 36 0 3 4 12
228 1 1 2 2 2 48 6 3 4 12
228 1 2 1 1 1 4 1 1 0 3
228 1 2 1 1 1 4 1 0 1 0
228 1 2 1 1 1 4 1 0 0 0
228 1 2 1 1 1 6 1 0 0 1
228 1 2 1 1 1 18 3 0 2 0
228 1 2 1 1 1 12 2 1 0 0
228 1 2 1 1 1 24 3 0 2 3
228 1 2 1 1 1 16 2 1 0 2
228 1 2 1 1 1 48 6 3 4 0
228 1 2 1 1 1 60 6 3 4 6
228 1 2 1 1 1 18 3 0 5 0
228 1 2 1 1 1 48 6 3 10 0
228 1 2 1 1 1 24 3 0 5 6
228 1 2 1 1 1 60 6 3 10 12
228 1 2 1 1 1 4 1 0 0 1
228 1 2 1 1 1 12 3 0 2 0
228 1 2 1 1 1 8 2 1 0 0
228 1 2 1 1 1 18 3 0 2 3
228 1 2 1 1 1 12 2 1 0 2
228 1 2 1 1 1 36 6 3 4 0
228 1 2 1 1 1 12 2 1 2 0
228 1 2 1 1 1 18 3 0 2 6
228 1 2 1 1 1 12 2 1 0 4
228 1 2 1 1 1 48 6 3 4 6
228 1 2 1 1 1 48 6 3 4 12
228 1 2 1 1 1 16 2 1 2 4
228 1 2 1 1 1 4 1 0 0 2
228 1 2 1 1 1 6 1 0 1 2
228 1 2 1 1 1 6 1 1 2 3
228 1 2 1 1 1 4 1 0 2 2
228 1 2 1 1 2 6 1 0 0 1
228 1 2 1 1 2 24 3 0 2 3
228 1 2 1 1 2 16 2 1 0 2
228 1 2 1 1 2 60 6 3 4 6
228 1 2 1 1 2 4 1 0 0 1
228 1 2 1 1 2 18 3 0 2 3
228 1 2 1 1 2 12 2 1 0 2
228 1 2 1 1 2 48 6 3 4 6
228 1 2 1 2 1 12 3 0 2 0
228 1 2 1 2 1 18 3 0 2 0
228 1 2 1 2 1 18 3 0 2 3
228 1 2 1 2 1 36 6 3 4 0
228 1 2 1 2 1 18 3 0 5 0
228 1 2 1 2 1 18 3 0 2 6
228 1 2 1 2 1 24 3 0 2 3
228 1 2 1 2 1 48 6 3 4 0
228 1 2 1 2 1 48 6 3 4 6
228 1 2 1 2 1 24 3 0 2 9
228 1 2 1 2 1 48 6 3 10 0
228 1 2 1 2 1 48 6 3 4 12
228 1 2 1 2 1 24 3 0 5 6
228 1 2 1 2 1 60 6 3 4 6
228 1 2 1 2 1 60 6 3 4 18
228 1 2 1 2 1 60 6 3 10 12
228 1 2 1 2 1 12 2 1 2 0
228 1 2 1 2 1 16 2 1 2 4
228 1 2 1 2 1 4 1 0 1 0
228 1 2 1 2 1 6 1 0 1 2
228 1 2 1 2 1 4 3 0 1 0
228 1 2 1 2 1 18 11 2 3 2
228 1 2 1 2 1 12 5 2 3 2
228 1 2 1 2 2 18 3 0 2 3
228 1 2 1 2 2 24 3 0 2 3
228 1 2 1 2 2 48 6 3 4 6
228 1 2 1 2 2 24 3 0 2 9
228 1 2 1 2 2 60 6 3 4 6
228 1 2 1 2 2 60 6 3 4 18
228 1 2 1 2 2 18 3 0 2 6
228 1 2 1 2 2 48 6 3 4 12
228 1 2 2 1 1 4 1 1 0 2
228 1 2 2 1 1 8 1 1 4 2
228 1 2 2 1 1 12 2 1 0 0
228 1 2 2 1 1 16 2 1 0 2
228 1 2 2 1 1 48 6 3 4 0
228 1 2 2 1 1 60 6 3 4 6
228 1 2 2 1 1 48 6 3 10 0
228 1 2 2 1 1 60 6 3 10 12
228 1 2 2 1 1 8 2 1 0 0
228 1 2 2 1 1 12 2 1 0 2
228 1 2 2 1 1 36 6 3 4 0
228 1 2 2 1 1 12 2 1 2 0
228 1 2 2 1 1 12 2 1 0 4
228 1 2 2 1 1 48 6 3 4 6
228 1 2 2 1 1 48 6 3 4 12
228 1 2 2 1 1 16 2 1 2 4
228 1 2 2 1 1 24 7 3 4 10
228 1 2 2 1 2 6 1 1 2 3
228 1 2 2 1 2 18 2 3 8 2
228 1 2 2 1 2 18 5 3 2 5
228 1 2 2 1 2 18 5 3 2 3
228 1 2 2 1 2 16 2 1 0 2
228 1 2 2 1 2 60 6 3 4 6
228 1 2 2 1 2 12 2 1 0 2
228 1 2 2 1 2 48 6 3 4 6
228 1 2 2 1 2 4 1 1 0 1
228 1 2 2 1 2 12 2 3 2 2
228 1 2 2 1 2 4 1 1 0 3
228 1 2 2 2 1 36 6 3 4 0
228 1 2 2 2 1 48 6 3 4 0
228 1 2 2 2 1 48 6 3 4 6
228 1 2 2 2 1 48 6 3 10 0
228 1 2 2 2 1 48 6 3 4 12
228 1 2 2 2 1 60 6 3 4 6
228 1 2 2 2 1 60 6 3 4 18
228 1 2 2 2 1 60 6 3 10 12
228 1 2 2 2 1 12 2 1 2 0
228 1 2 2 2 1 16 2 1 2 4
228 1 2 2 2 2 18 2 3 2 6
228 1 2 2 2 2 18 5 2 9 2
228 1 2 2 2 2 18 11 2 3 2
228 1 2 2 2 2 48 6 3 4 6
228 1 2 2 2 2 60 6 3 4 6
228 1 2 2 2 2 60 6 3 4 18
228 1 2 2 2 2 48 6 3 4 12
228 1 2 2 2 2 12 5 2 3 2
228 1 2 2 2 2 6 1 1 3 1
